Rank.	 Rating 	 Team
1.	 31.645690 	 Kentucky 	 44.125000
2.	 29.386007 	 Wisconsin 	 46.156250
3.	 29.141569 	 Villanova 	 57.090909
4.	 29.001152 	 Arizona 	 70.529412
5.	 28.278792 	 Virginia 	 82.962963
6.	 27.534115 	 Duke 	 71.939394
7.	 27.429977 	 Gonzaga 	 75.771429
8.	 27.314415 	 Kansas 	 51.347826
9.	 26.162395 	 Oklahoma 	 11.357143
10.	 25.746195 	 North_Carolina 	 36.500000
11.	 25.560748 	 Iowa_St 	 23.000000
12.	 25.229373 	 Baylor 	 53.545455
13.	 25.111181 	 Notre_Dame 	 26.458333
14.	 24.905178 	 Utah 	 12.192308
15.	 24.688615 	 Louisville 	 56.484848
16.	 24.161787 	 Wichita_St 	 66.642857
17.	 23.971434 	 Northern_Iowa 	 43.966667
18.	 23.807024 	 Georgetown 	 50.935484
19.	 23.733074 	 Ohio_St 	 35.461538
20.	 23.673618 	 Michigan_St 	 35.406250
21.	 23.590935 	 Arkansas 	 61.647059
22.	 23.576050 	 West_Virginia 	 25.384615
23.	 23.556791 	 Xavier 	 42.000000
24.	 23.555584 	 Texas 	 31.733333
25.	 23.453350 	 SMU 	 51.548387
26.	 23.027761 	 Butler 	 52.363636
27.	 22.914037 	 VA_Commonwealth 	 6.166667
28.	 22.904325 	 Providence 	 17.227273
29.	 22.659693 	 Maryland 	 8.354839
30.	 22.409342 	 St_John's 	 67.700000
31.	 22.330145 	 Iowa 	 61.823529
32.	 22.324334 	 NC_State 	 69.903226
33.	 22.201698 	 BYU 	 63.735294
34.	 22.071520 	 Oklahoma_St 	 23.142857
35.	 22.019212 	 Georgia 	 45.937500
36.	 22.006894 	 LSU 	 39.937500
37.	 21.748794 	 Davidson 	 64.548387
38.	 21.746860 	 UCLA 	 29.233333
39.	 21.439631 	 Dayton 	 53.121212
40.	 21.416927 	 Oregon 	 24.291667
41.	 21.411391 	 Cincinnati 	 45.906250
42.	 21.325826 	 Mississippi 	 52.571429
43.	 21.235687 	 San_Diego_St 	 15.384615
44.	 21.024281 	 Florida 	 32.303030
45.	 21.009816 	 Vanderbilt 	 80.142857
46.	 20.928745 	 Texas_A&M 	 42.454545
47.	 20.822149 	 Stanford 	 54.812500
48.	 20.817310 	 Indiana 	 54.692308
49.	 20.785629 	 Miami_FL 	 31.200000
50.	 20.770267 	 Purdue 	 27.807692
51.	 20.639288 	 SF_Austin 	 33.379310
52.	 20.276869 	 Minnesota 	 71.000000
53.	 20.105504 	 TCU 	 32.733333
54.	 20.087687 	 Alabama 	 38.156250
55.	 20.021456 	 Boise_St 	 57.764706
56.	 19.993780 	 Rhode_Island 	 31.500000
57.	 19.873461 	 Temple 	 39.909091
58.	 19.866154 	 South_Carolina 	 29.575758
59.	 19.860396 	 St_Mary's_CA 	 11.875000
60.	 19.774750 	 Illinois 	 45.125000
61.	 19.621598 	 Colorado_St 	 61.787879
62.	 19.567037 	 Richmond 	 74.000000
63.	 19.479226 	 Buffalo 	 56.031250
64.	 19.477105 	 Syracuse 	 33.560000
65.	 19.420277 	 Connecticut 	 40.205882
66.	 19.320875 	 Old_Dominion 	 42.451613
67.	 19.302015 	 Arizona_St 	 39.062500
68.	 19.253040 	 WI_Green_Bay 	 29.392857
69.	 19.071675 	 Illinois_St 	 45.515152
70.	 18.908648 	 Tulsa 	 34.258065
71.	 18.825247 	 Michigan 	 35.500000
72.	 18.817631 	 Kansas_St 	 44.846154
73.	 18.496211 	 Louisiana_Tech 	 44.230769
74.	 18.473707 	 Clemson 	 34.838710
75.	 18.404665 	 Georgia_Tech 	 26.548387
76.	 18.398429 	 Pittsburgh 	 47.906250
77.	 18.301939 	 Creighton 	 32.333333
78.	 18.269758 	 G_Washington 	 47.090909
79.	 18.241281 	 Colorado 	 36.968750
80.	 18.203934 	 Murray_St 	 5.722222
81.	 18.099213 	 Valparaiso 	 52.500000
82.	 18.086399 	 Seton_Hall 	 53.640000
83.	 18.050417 	 Tennessee 	 46.700000
84.	 17.909694 	 Bellarmine 	 73.548387
85.	 17.824644 	 Penn_St 	 20.714286
86.	 17.810231 	 Florida_St 	 36.818182
87.	 17.716261 	 UTEP 	 26.066667
88.	 17.557623 	 Harvard 	 52.137931
89.	 17.507663 	 Memphis 	 22.066667
90.	 17.260828 	 Oregon_St 	 57.676471
91.	 17.226139 	 FL_Southern 	 85.718750
92.	 17.215798 	 Toledo 	 31.379310
93.	 17.127732 	 Georgia_St 	 53.696970
94.	 17.038234 	 California 	 41.294118
95.	 16.958483 	 La_Salle 	 2.320000
96.	 16.926873 	 Augustana_SD 	 83.294118
97.	 16.922001 	 UNLV 	 62.451613
98.	 16.912087 	 Moorhead_St 	 12.066667
99.	 16.900996 	 Pepperdine 	 40.800000
100.	 16.849128 	 St_Bonaventure 	 33.714286
101.	 16.845627 	 Marquette 	 15.406250
102.	 16.798179 	 Wyoming 	 0.000000
103.	 16.775875 	 Bowling_Green 	 44.483871
104.	 16.744420 	 Indianapolis 	 60.611111
105.	 16.731500 	 C_Michigan 	 60.741935
106.	 16.636628 	 Akron 	 42.514286
107.	 16.611150 	 Washington 	 36.393939
108.	 16.530160 	 UC_Irvine 	 57.548387
109.	 16.472514 	 New_Mexico_St 	 53.518519
110.	 16.443853 	 Boston_College 	 28.468750
111.	 16.363193 	 Nebraska 	 50.615385
112.	 16.311236 	 Yale 	 14.392857
113.	 16.288863 	 UC_Davis 	 40.235294
114.	 16.174011 	 Utah_St 	 58.757576
115.	 16.170386 	 Iona 	 68.066667
116.	 16.118120 	 Cleveland_St 	 40.812500
117.	 16.097473 	 Hawaii 	 48.142857
118.	 16.093310 	 Sam_Houston_St 	 17.960000
119.	 16.091527 	 Northwestern 	 84.483871
120.	 16.038862 	 Wake_Forest 	 25.600000
121.	 15.950306 	 Wofford 	 27.000000
122.	 15.929328 	 Auburn 	 32.971429
123.	 15.908548 	 Santa_Barbara 	 35.629630
124.	 15.882692 	 San_Diego 	 67.733333
125.	 15.872675 	 Evansville 	 45.741935
126.	 15.749574 	 Massachusetts 	 32.500000
127.	 15.748460 	 NW_Florida_St 	 33.892857
128.	 15.726432 	 Kent 	 24.500000
129.	 15.726180 	 UAB 	 19.444444
130.	 15.718866 	 Texas_Tech 	 32.225806
131.	 15.426812 	 WI_Parkside 	 39.178571
132.	 15.286079 	 Portland 	 16.640000
133.	 15.130217 	 New_Mexico 	 3.894737
134.	 15.094496 	 W_Kentucky 	 23.413793
135.	 15.085381 	 USC 	 28.800000
136.	 15.011486 	 Northeastern 	 67.583333
137.	 14.969459 	 Angelo_St 	 74.625000
138.	 14.916065 	 S_Dakota_St 	 71.733333
139.	 14.782910 	 Hofstra 	 49.121212
140.	 14.679829 	 Loyola-Chicago 	 39.629630
141.	 14.665800 	 San_Francisco 	 49.382353
142.	 14.664026 	 E_Washington 	 65.228571
143.	 14.656606 	 BYU_Hawaii 	 72.666667
144.	 14.619016 	 S_New_Hampshire 	 76.409091
145.	 14.574336 	 DePaul 	 28.000000
146.	 14.556106 	 Mississippi_St 	 31.925926
147.	 14.526869 	 Charlotte 	 34.718750
148.	 14.498035 	 Long_Beach_St 	 59.233333
149.	 14.489201 	 W_Michigan 	 47.406250
150.	 14.474619 	 William_&_Mary 	 27.185185
151.	 14.415551 	 Azusa_Pacific 	 70.600000
152.	 14.375413 	 E_Florida_St 	 71.000000
153.	 14.301711 	 S_Connecticut 	 23.363636
154.	 14.298857 	 Lewis 	 72.592593
155.	 14.285760 	 South_Plains 	 40.863636
156.	 14.284741 	 North_Florida 	 19.966667
157.	 14.234439 	 Barry 	 72.133333
158.	 14.085034 	 E_Michigan 	 45.676471
159.	 14.078534 	 Saddleback 	 37.281250
160.	 14.070288 	 ULL 	 26.869565
161.	 13.983415 	 Missouri 	 28.125000
162.	 13.927034 	 Cal_Baptist 	 64.806452
163.	 13.884064 	 Connors_St 	 80.851852
164.	 13.879119 	 Vermont 	 66.827586
165.	 13.854111 	 MN_Mankato 	 40.181818
166.	 13.821217 	 Albany_NY 	 50.843750
167.	 13.649260 	 MTSU 	 49.095238
168.	 13.601450 	 Chattanooga 	 53.437500
169.	 13.563536 	 Indian_Hills_CC 	 92.696970
170.	 13.555803 	 St_Joseph's_PA 	 50.321429
171.	 13.540310 	 Virginia_Tech 	 50.923077
172.	 13.534275 	 Montana 	 69.892857
173.	 13.532232 	 High_Point 	 54.580645
174.	 13.520551 	 E_Kentucky 	 47.866667
175.	 13.498591 	 Tarleton_St 	 46.892857
176.	 13.484207 	 Oakland 	 55.607143
177.	 13.477038 	 Indiana_St 	 63.393939
178.	 13.422038 	 FL_Gulf_Coast 	 48.875000
179.	 13.381525 	 Stony_Brook 	 49.344828
180.	 13.342388 	 Trinity_Valley_CC 	 13.230769
181.	 13.304294 	 Washington_St 	 63.884615
182.	 13.302106 	 Rider 	 40.000000
183.	 13.279759 	 Belmont 	 53.531250
184.	 13.278587 	 Vincennes 	 72.764706
185.	 13.211838 	 Cal_Poly_SLO 	 30.827586
186.	 13.148524 	 Ga_Southern 	 49.093750
187.	 13.144866 	 San_Bernardino_Val 	 30.437500
188.	 13.132666 	 Indiana_PA 	 21.586207
189.	 13.129771 	 St_Francis_NY 	 62.542857
190.	 13.089005 	 Carleton_ON 	 79.294118
191.	 13.072969 	 NC_Central 	 19.687500
192.	 13.033119 	 Princeton 	 52.481481
193.	 12.990922 	 CS_Poly_Pomona 	 55.366667
194.	 12.968460 	 Hill_Col 	 82.708333
195.	 12.961769 	 Metro_St 	 35.857143
196.	 12.933263 	 St_Anselm 	 24.206897
197.	 12.930828 	 Manhattan 	 14.961538
198.	 12.836981 	 Lake_Superior 	 51.550000
199.	 12.833691 	 Butler_Co-KS 	 72.034483
200.	 12.700725 	 West_Liberty 	 45.777778
201.	 12.698839 	 Coastal_Car 	 53.181818
202.	 12.687556 	 Ferris_St 	 58.970588
203.	 12.656222 	 San_Jacinto-C 	 33.250000
204.	 12.536732 	 Santa_Clara 	 10.458333
205.	 12.520098 	 Mt_San_Antonio 	 39.034483
206.	 12.505415 	 NW_Missouri 	 47.571429
207.	 12.497711 	 N_Dakota_St 	 44.916667
208.	 12.483580 	 Detroit 	 39.277778
209.	 12.482094 	 Col_Springs 	 75.281250
210.	 12.472810 	 IN_Wesleyan 	 75.833333
211.	 12.449939 	 Canisius 	 37.645161
212.	 12.447227 	 Rutgers 	 32.652174
213.	 12.429694 	 Quinnipiac 	 37.966667
214.	 12.364469 	 Columbia 	 32.392857
215.	 12.347154 	 Southern_Idaho 	 45.939394
216.	 12.300651 	 Houston 	 29.500000
217.	 12.205930 	 N_Illinois 	 28.925926
218.	 12.143029 	 Morehead_St 	 14.440000
219.	 12.141157 	 SC_Upstate 	 36.758621
220.	 12.135855 	 Tulane 	 38.520000
221.	 12.135158 	 UT_Arlington 	 40.461538
222.	 12.106233 	 Lafayette 	 36.931034
223.	 12.088035 	 Radford 	 54.551724
224.	 12.041809 	 ULM 	 48.647059
225.	 12.025732 	 TX_A&M_Commerce 	 38.892857
226.	 11.971557 	 Colorado_Mines 	 66.517241
227.	 11.914809 	 American_Intl 	 63.000000
228.	 11.913696 	 Monmouth_NJ 	 52.416667
229.	 11.907096 	 James_Madison 	 28.483871
230.	 11.871641 	 Robert_Morris 	 32.115385
231.	 11.840917 	 UT_San_Antonio 	 47.653846
232.	 11.829204 	 Air_Force 	 32.225806
233.	 11.812791 	 Colgate 	 33.969697
234.	 11.810778 	 CS_Sacramento 	 47.903226
235.	 11.806159 	 Northwestern_LA 	 46.714286
236.	 11.778833 	 Duquesne 	 30.516129
237.	 11.760824 	 Bucknell 	 41.545455
238.	 11.749106 	 TX_Southern 	 22.562500
239.	 11.728665 	 Norfolk_St 	 35.782609
240.	 11.720522 	 Incarnate_Word 	 53.214286
241.	 11.715650 	 UNC_Wilmington 	 26.363636
242.	 11.578116 	 Winthrop 	 43.285714
243.	 11.573169 	 SW_Tennessee 	 19.375000
244.	 11.567499 	 Dartmouth 	 33.785714
245.	 11.544492 	 Fordham 	 28.558824
246.	 11.532067 	 WI_Milwaukee 	 37.888889
247.	 11.519402 	 IPFW 	 61.208333
248.	 11.465762 	 Fresno_St 	 34.272727
249.	 11.442868 	 Dakota_Wesleyan 	 78.800000
250.	 11.428737 	 East_Carolina 	 30.636364
251.	 11.373753 	 Miami_OH 	 46.575758
252.	 11.347340 	 Northern_Arizona 	 55.896552
253.	 11.253577 	 Dixie_St 	 58.250000
254.	 11.191330 	 UC_Riverside 	 3.655172
255.	 11.188720 	 Mineral_Area 	 50.080000
256.	 11.159753 	 Northern_St_SD 	 59.424242
257.	 11.142744 	 Oral_Roberts 	 49.964286
258.	 11.140230 	 S_Illinois 	 52.555556
259.	 11.132830 	 Denver 	 28.900000
260.	 11.112083 	 George_Mason 	 23.687500
261.	 11.055917 	 TN_Martin 	 20.400000
262.	 11.038113 	 Antelope_Valley 	 67.766667
263.	 11.028158 	 Ottawa_ON 	 43.300000
264.	 11.021373 	 WI_Stevens_Pt 	 34.259259
265.	 10.989029 	 Seattle_Pacific 	 33.687500
266.	 10.988163 	 St_Peter's 	 62.100000
267.	 10.956828 	 Mercer 	 6.625000
268.	 10.901228 	 MD_E_Shore 	 34.600000
269.	 10.874670 	 Lehigh 	 46.964286
270.	 10.867701 	 Midwest_TX_St 	 64.794118
271.	 10.859584 	 Ryerson 	 47.655172
272.	 10.829754 	 Grand_Canyon 	 40.064516
273.	 10.823670 	 NJIT 	 35.148148
274.	 10.784414 	 Drury 	 54.000000
275.	 10.779324 	 American_Univ 	 33.000000
276.	 10.715044 	 North_Texas 	 57.821429
277.	 10.673541 	 Merrimack 	 25.909091
278.	 10.662442 	 C_Missouri 	 60.548387
279.	 10.657986 	 Texas_St 	 22.531250
280.	 10.652268 	 St_Thomas_MN 	 41.903226
281.	 10.635070 	 Michigan_Tech 	 49.970588
282.	 10.597600 	 Neosho_Co 	 28.677419
283.	 10.568786 	 Charleston_So 	 50.833333
284.	 10.547816 	 Gardner_Webb 	 47.029412
285.	 10.536867 	 Univ_Sciences 	 26.444444
286.	 10.478369 	 Phoenix_Col 	 63.965517
287.	 10.467137 	 Cornell 	 30.133333
288.	 10.459418 	 Howard_Col 	 57.965517
289.	 10.456154 	 West_Alabama 	 51.250000
290.	 10.451859 	 Mt_St_Mary's 	 23.080000
291.	 10.417111 	 Pittsburg_St 	 27.909091
292.	 10.400186 	 TAM_C._Christi 	 50.111111
293.	 10.400113 	 Pacific 	 12.310345
294.	 10.375868 	 Hutchinson_CC 	 68.000000
295.	 10.362813 	 CS_Chico 	 52.200000
296.	 10.361154 	 New_Hampshire 	 69.818182
297.	 10.352573 	 Rice 	 49.642857
298.	 10.326555 	 Embry-Riddle_FL 	 77.111111
299.	 10.282018 	 Northeast_CC 	 31.307692
300.	 10.204628 	 Point_Loma 	 10.533333
301.	 10.193407 	 E_Illinois 	 36.129032
302.	 10.192941 	 Midland 	 51.214286
303.	 10.182690 	 Ark_Little_Rock 	 31.548387
304.	 10.151783 	 Northwest_WY 	 39.258065
305.	 10.140392 	 UCF 	 30.384615
306.	 10.111037 	 Kirkwood_CC 	 25.360000
307.	 10.094238 	 Columbia_St 	 68.080000
308.	 10.080378 	 South_Dakota 	 36.969697
309.	 10.072532 	 St_Francis_PA 	 48.176471
310.	 10.041807 	 Bentley 	 49.482759
311.	 10.031905 	 Adams_St 	 57.933333
312.	 10.030698 	 Nevada 	 45.321429
313.	 10.029675 	 St_Michael's 	 50.333333
314.	 10.028144 	 CS_Bakersfield 	 30.647059
315.	 9.992231 	 John_Logan 	 14.269231
316.	 9.975795 	 Pearl_River_CC 	 42.384615
317.	 9.949568 	 Mt_Olive 	 69.906250
318.	 9.944523 	 ETSU 	 42.233333
319.	 9.942010 	 Stonehill 	 34.416667
320.	 9.939021 	 Rogers_St 	 22.615385
321.	 9.934955 	 Franklin_Pierce 	 43.071429
322.	 9.909289 	 WI_Whitewater 	 28.040000
323.	 9.892311 	 Hope_Intl 	 72.612903
324.	 9.880574 	 Missouri_St 	 32.370370
325.	 9.864954 	 Salt_Lake_CC 	 50.700000
326.	 9.816948 	 St_Petersburg 	 31.705882
327.	 9.805372 	 Col_Cent_Florida 	 57.870968
328.	 9.794077 	 Marshall 	 28.766667
329.	 9.777580 	 Col_of_Idaho 	 68.694444
330.	 9.765240 	 McLennan_CC 	 33.740741
331.	 9.754740 	 Ohio 	 26.500000
332.	 9.713973 	 Loy_Marymount 	 48.344828
333.	 9.685202 	 Canada_Col 	 69.133333
334.	 9.668945 	 Lincoln_Mem 	 24.629630
335.	 9.628487 	 Seattle 	 40.034483
336.	 9.613737 	 Georgia_Highlands 	 64.862069
337.	 9.586231 	 St_Louis 	 34.931034
338.	 9.578320 	 Des_Moines_CC 	 63.363636
339.	 9.566590 	 Bradley 	 16.882353
340.	 9.558812 	 South_Florida 	 38.181818
341.	 9.550352 	 CSU-Pueblo 	 60.258065
342.	 9.533324 	 Lynn 	 31.111111
343.	 9.532639 	 MO_Southern 	 15.483871
344.	 9.512543 	 Sacred_Heart 	 23.740741
345.	 9.504294 	 N_Colorado 	 60.227273
346.	 9.503983 	 Wright_St 	 56.178571
347.	 9.495997 	 Idaho 	 35.166667
348.	 9.480226 	 Daytona_St 	 57.296296
349.	 9.475021 	 Mesa_CC 	 65.870968
350.	 9.440679 	 NC_Pembroke 	 57.281250
351.	 9.413032 	 Gannon 	 47.656250
352.	 9.400146 	 Boston_Univ 	 30.000000
353.	 9.398541 	 Coffeyville_CC 	 65.370370
354.	 9.393732 	 AL_Huntsville 	 54.812500
355.	 9.387211 	 Cornerstone 	 71.916667
356.	 9.355042 	 Tampa 	 42.093750
357.	 9.342845 	 Drake 	 21.193548
358.	 9.255299 	 Barton_Co 	 65.555556
359.	 9.223002 	 West_Georgia 	 19.892857
360.	 9.200269 	 Augustana_IL 	 68.709677
361.	 9.175650 	 Lamar 	 78.035714
362.	 9.170560 	 Augusta 	 59.900000
363.	 9.138369 	 Holy_Cross 	 33.566667
364.	 9.115486 	 W_Texas_A&M 	 54.071429
365.	 9.091613 	 Portland_St 	 28.960000
366.	 9.063251 	 Drexel 	 23.433333
367.	 9.060865 	 W_Carolina 	 37.677419
368.	 9.056478 	 Iowa_Western_CC 	 30.466667
369.	 9.054980 	 Ft_Lewis 	 59.333333
370.	 9.044927 	 Morningside 	 14.741935
371.	 9.043819 	 UC_San_Diego 	 32.741935
372.	 9.006743 	 Saginaw_Val 	 71.121212
373.	 8.974504 	 Bryant 	 38.812500
374.	 8.970878 	 S_Indiana 	 24.818182
375.	 8.950256 	 Truman_St 	 8.074074
376.	 8.934787 	 Fresno_City_Col 	 67.093750
377.	 8.907606 	 VA_Wesleyan 	 56.914286
378.	 8.883355 	 Warner_Pacific 	 51.000000
379.	 8.848026 	 Wheeling_Jesuit 	 13.000000
380.	 8.843100 	 St_Cloud 	 11.454545
381.	 8.830799 	 C_Oklahoma 	 52.677419
382.	 8.827561 	 Alabama_St 	 49.448276
383.	 8.822038 	 Bethel_IN 	 67.558824
384.	 8.803539 	 Talladega 	 27.555556
385.	 8.798145 	 KY_Wesleyan 	 7.041667
386.	 8.797182 	 UNC_Asheville 	 39.000000
387.	 8.796456 	 Weber_St 	 27.911765
388.	 8.774057 	 Tallahassee_CC 	 73.125000
389.	 8.762123 	 Edwardsville 	 32.500000
390.	 8.758058 	 Concordia_CA 	 64.090909
391.	 8.747571 	 Gulf_Coast_CC 	 46.793103
392.	 8.639323 	 New_Mexico_JC 	 32.161290
393.	 8.636070 	 Palm_Beach_St 	 29.407407
394.	 8.622917 	 N_Kentucky 	 22.857143
395.	 8.617935 	 Three_Rivers 	 44.600000
396.	 8.614747 	 CS_Northridge 	 20.666667
397.	 8.606380 	 Tyler_JC 	 42.700000
398.	 8.586647 	 Humboldt_St 	 62.206897
399.	 8.583373 	 SE_Missouri_St 	 24.545455
400.	 8.579874 	 St_Francis_IN 	 51.470588
401.	 8.571074 	 Southeastern_CC 	 18.590909
402.	 8.553560 	 Campbellsville 	 68.000000
403.	 8.542763 	 Chr_Brothers 	 43.888889
404.	 8.518181 	 Pensacola_St 	 26.285714
405.	 8.512982 	 McNeese_St 	 20.095238
406.	 8.489567 	 St_Mary's_TX 	 57.600000
407.	 8.379492 	 Randolph_Macon 	 34.571429
408.	 8.377784 	 Emory 	 61.724138
409.	 8.363607 	 IL_Wesleyan 	 56.758621
410.	 8.351497 	 Redlands_CC 	 18.360000
411.	 8.334329 	 Col_Charleston 	 19.411765
412.	 8.321038 	 Fairmont_St 	 58.151515
413.	 8.297347 	 Montevallo 	 38.240000
414.	 8.294042 	 Ashland 	 50.103448
415.	 8.284684 	 King_TN 	 39.130435
416.	 8.272365 	 NE_Kearney 	 65.379310
417.	 8.253837 	 Holy_Family 	 58.600000
418.	 8.234814 	 IL_Chicago 	 25.000000
419.	 8.225517 	 Wayland 	 13.714286
420.	 8.185460 	 FL_Atlantic 	 20.965517
421.	 8.171473 	 Ball_St 	 17.400000
422.	 8.162319 	 Missouri_KC 	 19.500000
423.	 8.157049 	 Southern_Univ 	 32.454545
424.	 8.153983 	 San_Jose_City_Col 	 46.172414
425.	 8.148969 	 Delaware_St 	 39.485714
426.	 8.128115 	 Elon 	 38.000000
427.	 8.119199 	 Navy 	 59.923077
428.	 8.103292 	 Army 	 38.466667
429.	 8.091698 	 Mt_San_Jacinto 	 74.103448
430.	 8.023974 	 Hampton 	 35.636364
431.	 8.008561 	 NE_Omaha 	 21.037037
432.	 7.993793 	 Tennessee_Tech 	 11.419355
433.	 7.993074 	 Navarro 	 57.413793
434.	 7.970977 	 Brown 	 30.129032
435.	 7.963736 	 Jones_Co_CC 	 46.615385
436.	 7.963159 	 Shorter 	 28.370370
437.	 7.958714 	 W_Oregon 	 27.863636
438.	 7.956343 	 Towson 	 42.846154
439.	 7.954201 	 Moberly_Area 	 31.962963
440.	 7.932407 	 Williston_St 	 19.538462
441.	 7.922281 	 Bridgeport 	 62.935484
442.	 7.919050 	 Upper_Iowa 	 56.941176
443.	 7.917222 	 Lindenwood 	 35.870968
444.	 7.913745 	 Union_TN 	 31.360000
445.	 7.903547 	 Delaware 	 23.566667
446.	 7.886096 	 Fort_Hays_St 	 46.413793
447.	 7.882991 	 Penn 	 41.888889
448.	 7.868781 	 Babson 	 65.580645
449.	 7.862600 	 Cochise 	 58.653846
450.	 7.858253 	 Howard 	 35.939394
451.	 7.854959 	 Florida_Intl 	 31.666667
452.	 7.846669 	 Findlay 	 44.592593
453.	 7.812394 	 Arkansas_St 	 27.137931
454.	 7.806372 	 Siena 	 57.172414
455.	 7.769992 	 Gillette 	 67.720000
456.	 7.759770 	 Holmes_CC 	 59.285714
457.	 7.709355 	 Concordia_SP 	 47.900000
458.	 7.667232 	 Johns_Hopkins 	 45.222222
459.	 7.657158 	 Arizona_Chr 	 64.156250
460.	 7.635224 	 St_Olaf 	 73.500000
461.	 7.634143 	 Mercyhurst 	 24.846154
462.	 7.571691 	 Concord 	 56.344828
463.	 7.546982 	 Winona_St 	 26.538462
464.	 7.494624 	 Arkansas-FS 	 47.133333
465.	 7.493361 	 Troy 	 71.090909
466.	 7.490711 	 Washburn 	 30.777778
467.	 7.483846 	 Northwood_MI 	 44.068966
468.	 7.478873 	 Pikeville 	 37.766667
469.	 7.472685 	 W_Washington 	 47.931034
470.	 7.457340 	 Angelina 	 57.444444
471.	 7.421374 	 C_Arizona 	 53.821429
472.	 7.399896 	 Briar_Cliff 	 56.090909
473.	 7.387680 	 Davenport 	 64.361111
474.	 7.329701 	 Columbus_St 	 58.733333
475.	 7.307561 	 Marietta 	 30.576923
476.	 7.289584 	 Samford 	 58.878788
477.	 7.284913 	 North_Idaho 	 53.903226
478.	 7.282946 	 Southern_Miss 	 23.920000
479.	 7.266442 	 Schoolcraft 	 6.681818
480.	 7.255455 	 Lakeland_CC 	 38.535714
481.	 7.248120 	 St_Norbert 	 48.482759
482.	 7.229310 	 Washington_MO 	 13.320000
483.	 7.218129 	 Appalachian_St 	 28.586207
484.	 7.197288 	 Richland 	 77.133333
485.	 7.190396 	 S_Georgia_St 	 26.285714
486.	 7.170087 	 CS_Fullerton 	 22.406250
487.	 7.169496 	 Pratt_CC 	 33.424242
488.	 7.134186 	 CS_San_Marcos 	 73.666667
489.	 7.120635 	 Martin_Meth 	 44.185185
490.	 7.120623 	 New_Haven 	 43.709677
491.	 7.110974 	 Northwestern_OH 	 49.066667
492.	 7.100990 	 Lipscomb 	 11.761905
493.	 7.076001 	 Youngstown_St 	 36.250000
494.	 7.069467 	 Claremont_M.S. 	 55.034483
495.	 7.011139 	 Charleston_WV 	 51.517241
496.	 6.999210 	 Union_KY 	 46.448276
497.	 6.995394 	 Fairfield 	 15.161290
498.	 6.995159 	 East_LA_Col 	 59.419355
499.	 6.992585 	 E_Stroudsburg 	 59.068966
500.	 6.977800 	 Mesa_St 	 55.444444
501.	 6.956826 	 Jacksonville_Col 	 23.906250
502.	 6.955562 	 Glenville_St 	 53.909091
503.	 6.931543 	 Prairie_View 	 16.250000
504.	 6.931339 	 Wooster 	 57.235294
505.	 6.906641 	 SD_City_Col 	 58.448276
506.	 6.902951 	 Dalton_St 	 67.806452
507.	 6.872997 	 Mt_Mercy 	 6.900000
508.	 6.861940 	 St_Edward's 	 38.761905
509.	 6.852149 	 Northeastern_JC 	 48.617647
510.	 6.817316 	 Hartford 	 30.566667
511.	 6.808733 	 E_Connecticut 	 61.321429
512.	 6.802507 	 Mt_Union 	 43.172414
513.	 6.802383 	 Chaffey 	 49.322581
514.	 6.773854 	 Long_Island 	 34.272727
515.	 6.767098 	 IUPUI 	 23.531250
516.	 6.764841 	 Ouachita 	 9.360000
517.	 6.747550 	 S_Georgia_Tech 	 56.173913
518.	 6.725924 	 McMaster 	 58.333333
519.	 6.679069 	 Garden_City_CC 	 35.120000
520.	 6.665150 	 Furman 	 23.121212
521.	 6.646637 	 Midland 	 61.678571
522.	 6.642460 	 Philadelphia 	 39.200000
523.	 6.640272 	 Hope 	 50.357143
524.	 6.625219 	 Miami-Dade 	 28.843750
525.	 6.611451 	 Chaminade 	 39.107143
526.	 6.599670 	 UNC_Greensboro 	 38.000000
527.	 6.594473 	 New_Orleans 	 49.181818
528.	 6.529132 	 Blinn 	 56.000000
529.	 6.508411 	 Marin_CC 	 73.250000
530.	 6.505336 	 Slippery_Rock 	 44.851852
531.	 6.505082 	 Dickinson 	 61.000000
532.	 6.502205 	 City_Col_San_Fran 	 57.666667
533.	 6.500132 	 Le_Moyne 	 36.137931
534.	 6.485604 	 Grace_IN 	 45.441176
535.	 6.475279 	 South_Alabama 	 32.000000
536.	 6.474611 	 Broward_CC 	 57.807692
537.	 6.467204 	 Our_Lady_Lake 	 59.666667
538.	 6.421093 	 Concordia_OR 	 60.470588
539.	 6.416042 	 Mid-Am_Chr 	 33.310345
540.	 6.345875 	 St_John_Fisher 	 37.448276
541.	 6.338029 	 Campbell 	 22.531250
542.	 6.321971 	 MN_Duluth 	 18.172414
543.	 6.300463 	 Whitworth 	 45.925926
544.	 6.287526 	 Windsor 	 12.454545
545.	 6.259663 	 Long_Beach_City_Col 	 0.000000
546.	 6.253325 	 N_OK-Tonkawa 	 48.217391
547.	 6.228188 	 Elmhurst 	 58.535714
548.	 6.226614 	 Niagara 	 63.727273
549.	 6.223699 	 Harding 	 42.607143
550.	 6.213989 	 Cameron 	 36.266667
551.	 6.205504 	 Loyola_MD 	 36.291667
552.	 6.197881 	 Card_Stritch 	 56.142857
553.	 6.182915 	 Utah_Valley 	 39.322581
554.	 6.129509 	 Grand_Valley_St 	 35.241379
555.	 6.127368 	 East_Central_OK 	 56.290323
556.	 6.121010 	 SE_Louisiana 	 30.192308
557.	 6.099950 	 Permian_Basin 	 38.967742
558.	 6.043630 	 Georgetown_KY 	 70.774194
559.	 6.032120 	 Westmont 	 32.517241
560.	 6.024071 	 E_Texas_Bap 	 62.531250
561.	 6.014705 	 North_Dakota 	 56.085714
562.	 6.009981 	 Idaho_St 	 17.300000
563.	 6.006812 	 Lubbock_Chr 	 59.032258
564.	 5.995502 	 Hardin-Simmons 	 61.851852
565.	 5.986482 	 CS_Stanislaus 	 41.896552
566.	 5.982402 	 Olivet_Naz 	 10.115385
567.	 5.973693 	 Motlow_St 	 45.448276
568.	 5.959650 	 Owens_CC 	 68.406250
569.	 5.955141 	 Temple_Col 	 48.484848
570.	 5.940881 	 SW_MO_St-WP 	 27.136364
571.	 5.940388 	 ND_St_Science 	 40.423077
572.	 5.925187 	 Newman 	 12.560000
573.	 5.881712 	 CS_San_Bern. 	 36.444444
574.	 5.878177 	 Walsh 	 26.321429
575.	 5.875108 	 Dodge_City_CC 	 46.033333
576.	 5.869704 	 Weatherford 	 44.166667
577.	 5.859494 	 Southwestern_CA 	 30.666667
578.	 5.852052 	 Hillsdale 	 33.703704
579.	 5.846412 	 Lee_TN 	 35.320000
580.	 5.837630 	 Kilgore 	 31.720000
581.	 5.834005 	 Hawaii_Pacific 	 42.964286
582.	 5.828513 	 Oakland_CC 	 39.500000
583.	 5.826516 	 Odessa 	 44.120000
584.	 5.805102 	 Benedictine_KS 	 51.090909
585.	 5.785613 	 N_OK-Enid 	 51.424242
586.	 5.779334 	 Bethel_MN 	 50.857143
587.	 5.777222 	 R_Stockton 	 0.000000
588.	 5.771184 	 Cumberlands_KY 	 49.093750
589.	 5.764729 	 Jacksonville_St 	 41.863636
590.	 5.721416 	 John_Carroll 	 42.387097
591.	 5.703846 	 Ohio_Wesleyan 	 26.777778
592.	 5.673426 	 Livingstone 	 10.296296
593.	 5.653110 	 Houston_Bap 	 34.607143
594.	 5.640516 	 Southern_Utah 	 36.457143
595.	 5.637538 	 OK_City 	 53.516129
596.	 5.632025 	 Dominican_CA 	 35.892857
597.	 5.596289 	 Skidmore 	 44.166667
598.	 5.573612 	 Marshalltown_CC 	 27.062500
599.	 5.545757 	 Delta_St 	 40.689655
600.	 5.540462 	 West_LA_Col 	 31.892857
601.	 5.526697 	 Jackson_St 	 19.240000
602.	 5.512952 	 St_Leo 	 45.363636
603.	 5.499054 	 Quincy 	 43.680000
604.	 5.484499 	 North_Alabama 	 46.727273
605.	 5.481900 	 Montana_St 	 46.727273
606.	 5.476482 	 Lamar_St 	 24.000000
607.	 5.473862 	 MA_Lowell 	 21.269231
608.	 5.450995 	 Wagner 	 38.357143
609.	 5.450614 	 Southern_Oregon 	 36.250000
610.	 5.434961 	 MO_St_Louis 	 52.870968
611.	 5.433221 	 SW_Minnesota 	 46.137931
612.	 5.393084 	 Bowie_St 	 57.700000
613.	 5.377144 	 NE_OK_A&M 	 46.478261
614.	 5.363085 	 Amherst 	 58.931034
615.	 5.358479 	 VMI 	 31.862069
616.	 5.357512 	 Freed-Hardeman 	 73.354839
617.	 5.351187 	 Chapman 	 59.827586
618.	 5.314566 	 Eckerd 	 30.448276
619.	 5.282353 	 Snow_Col 	 25.423077
620.	 5.276517 	 Assumption 	 23.333333
621.	 5.267238 	 Lander 	 68.161290
622.	 5.252245 	 Cosumnes_River 	 54.870968
623.	 5.244859 	 Northwest_Chr 	 9.142857
624.	 5.221922 	 Emmanuel_GA 	 48.230769
625.	 5.190912 	 Albertus_Magnus 	 88.433333
626.	 5.189857 	 Worcester_Tech 	 14.192308
627.	 5.186257 	 Polk_CC 	 55.333333
628.	 5.179818 	 Merritt 	 48.482759
629.	 5.154645 	 Whitman 	 19.375000
630.	 5.152628 	 Kutztown 	 12.333333
631.	 5.151265 	 Nova_SE 	 48.033333
632.	 5.144167 	 Dubuque 	 62.068966
633.	 5.136822 	 E_Mississippi_CC 	 57.920000
634.	 5.131050 	 NYU 	 39.709677
635.	 5.113396 	 Virginia_St 	 59.500000
636.	 5.102394 	 Minot_St 	 44.878788
637.	 5.058584 	 Citrus_Col 	 45.703704
638.	 5.056879 	 Sonoma_St 	 19.720000
639.	 5.039832 	 Monroe_CC 	 59.750000
640.	 5.028860 	 Nicholls_St 	 41.481481
641.	 4.985871 	 Cape_Fear_CC 	 59.375000
642.	 4.975417 	 Edinboro 	 44.592593
643.	 4.950353 	 Wm_Paterson 	 36.178571
644.	 4.946137 	 Florida_Tech 	 40.774194
645.	 4.940595 	 Daemen 	 56.533333
646.	 4.935513 	 W_Salem_St 	 63.333333
647.	 4.921288 	 Calvin 	 57.166667
648.	 4.891436 	 Chattahoochee_Tech 	 50.833333
649.	 4.868680 	 Lindsey_Wilson 	 53.060606
650.	 4.865057 	 Harcum_Col 	 85.068966
651.	 4.851115 	 Austin_Peay 	 18.333333
652.	 4.841666 	 Casper_College 	 51.791667
653.	 4.839511 	 Vanguard 	 45.000000
654.	 4.838364 	 Triton_Col 	 12.531250
655.	 4.809973 	 C_Washington 	 55.576923
656.	 4.796299 	 Lewis-Clark_ID 	 22.535714
657.	 4.772636 	 Frank_&_Marsh 	 59.230769
658.	 4.771860 	 Thomas_Aquinas 	 35.346154
659.	 4.763085 	 Longwood 	 29.000000
660.	 4.759601 	 W_Wyoming_CC 	 54.838710
661.	 4.738035 	 Hawaii_Hilo 	 38.285714
662.	 4.727531 	 Ald-Broaddus 	 55.862069
663.	 4.703654 	 AK_Anchorage 	 45.000000
664.	 4.697017 	 Monroe 	 38.176471
665.	 4.695034 	 TX_Pan_American 	 47.758621
666.	 4.689579 	 Rio_Hondo 	 56.483871
667.	 4.680858 	 East_Central_CC 	 45.695652
668.	 4.664790 	 Concordia_TX 	 56.379310
669.	 4.632704 	 CW_Post 	 41.566667
670.	 4.610971 	 Ark_Pine_Bluff 	 25.875000
671.	 4.601980 	 Lassen 	 29.038462
672.	 4.595405 	 LSU-Alexandria 	 55.677419
673.	 4.551417 	 St_John's_MN 	 48.500000
674.	 4.538148 	 Alvernia 	 48.178571
675.	 4.537153 	 Arkansas_Tech 	 41.757576
676.	 4.517697 	 LA_Harbor 	 15.150000
677.	 4.514889 	 Bakersfield_Col 	 43.620690
678.	 4.490692 	 Cent_Wyoming 	 44.500000
679.	 4.478137 	 CS_Monterey_Bay 	 36.035714
680.	 4.475635 	 S_Arkansas 	 41.720000
681.	 4.473222 	 Baton_Rouge_CC 	 43.250000
682.	 4.471507 	 Kaskaskia 	 32.937500
683.	 4.466557 	 Baldwin-Wallace 	 55.555556
684.	 4.458160 	 Chicago_St 	 18.030303
685.	 4.450043 	 Bellevue 	 65.942857
686.	 4.447852 	 W_Illinois 	 19.450000
687.	 4.434476 	 Aquinas 	 42.500000
688.	 4.394412 	 Georgia_SW 	 40.962963
689.	 4.367906 	 Marist 	 13.375000
690.	 4.280826 	 Abilene_Chr 	 26.129032
691.	 4.232786 	 Mississippi_Col 	 46.750000
692.	 4.225364 	 RI_College 	 53.148148
693.	 4.218029 	 Shelton_St 	 25.482759
694.	 4.213795 	 N_Central_IL 	 36.687500
695.	 4.194858 	 Ashford 	 50.764706
696.	 4.159005 	 Chicago 	 48.076923
697.	 4.157343 	 Chabot 	 45.300000
698.	 4.144599 	 Ohlone 	 66.107143
699.	 4.143642 	 Rhodes 	 49.935484
700.	 4.140235 	 Col_Ozarks 	 65.718750
701.	 4.140140 	 Victoria 	 44.000000
702.	 4.122479 	 North_Platte_CC 	 44.958333
703.	 4.100746 	 SW_Illinois 	 20.030303
704.	 4.088472 	 St_Rose 	 62.296296
705.	 4.087846 	 Rock_Valley 	 38.370370
706.	 4.086097 	 Wm_Jewell 	 29.687500
707.	 4.069945 	 Kennesaw 	 39.148148
708.	 4.052139 	 Coppin_St 	 21.903226
709.	 4.046581 	 Defiance 	 60.724138
710.	 4.043283 	 Lansing_CC 	 40.718750
711.	 4.039006 	 Newberry 	 30.689655
712.	 4.026420 	 SW_Baptist 	 54.968750
713.	 4.023714 	 Richard_Bland 	 26.593750
714.	 4.009064 	 Philander_Smith 	 78.720000
715.	 4.003259 	 Catholic 	 60.448276
716.	 3.999418 	 Alabama_A&M 	 22.758621
717.	 3.993636 	 SW_Assemb_God 	 0.000000
718.	 3.992863 	 MT_Western 	 42.437500
719.	 3.990577 	 Lake_Erie 	 42.481481
720.	 3.985441 	 St_Mary's_MD 	 51.233333
721.	 3.949689 	 Jacksonville 	 48.238095
722.	 3.916106 	 Chipola 	 26.551724
723.	 3.897054 	 Irvine_Valley 	 44.676471
724.	 3.891620 	 Xavier_LA 	 46.647059
725.	 3.885186 	 Trinity_CT 	 25.709677
726.	 3.876210 	 Mt_Vernon_Naz 	 68.000000
727.	 3.856931 	 F_Dickinson 	 21.758621
728.	 3.842858 	 John_Wood_CC 	 67.724138
729.	 3.817800 	 Centre 	 58.884615
730.	 3.815071 	 Parkland 	 44.892857
731.	 3.791705 	 North_Georgia 	 53.911765
732.	 3.775157 	 Lynchburg 	 54.192308
733.	 3.730974 	 Stetson 	 37.058824
734.	 3.730709 	 Maryville_MO 	 52.615385
735.	 3.730229 	 Seward_Co 	 38.555556
736.	 3.726053 	 Cloud_Co 	 40.827586
737.	 3.720655 	 Yuba 	 26.937500
738.	 3.714594 	 Ark_Baptist 	 45.909091
739.	 3.684593 	 Carson-Newman 	 44.031250
740.	 3.656053 	 S_Francisco_St 	 26.333333
741.	 3.640360 	 San_Joaquin_Delta 	 76.466667
742.	 3.609437 	 AZ_Western 	 41.037037
743.	 3.607077 	 Southern-Shreve 	 25.758621
744.	 3.603881 	 Frank_Phillips 	 29.523810
745.	 3.594168 	 Columbia_MO 	 61.687500
746.	 3.590215 	 Springfield 	 21.000000
747.	 3.544641 	 Chatt_St_Tech 	 47.636364
748.	 3.541018 	 Gust_Adolphus 	 41.333333
749.	 3.538803 	 MO_Western 	 51.400000
750.	 3.533042 	 Citadel 	 26.233333
751.	 3.520599 	 Louisburg 	 11.555556
752.	 3.520452 	 Moorpark 	 78.138889
753.	 3.519039 	 Stevenson 	 34.350000
754.	 3.515866 	 Northwood_FL 	 58.545455
755.	 3.488645 	 Emporia_St 	 32.214286
756.	 3.481214 	 Westfield_St 	 19.227273
757.	 3.461596 	 New_Brunswick 	 21.937500
758.	 3.458680 	 Brit_Columbia 	 55.705882
759.	 3.436872 	 Rutgers-Newark 	 41.423077
760.	 3.404883 	 Queens_NC 	 26.125000
761.	 3.370410 	 TX_A&M_K'ville 	 60.031250
762.	 3.360434 	 DePauw 	 46.300000
763.	 3.355004 	 Collin_Co 	 42.074074
764.	 3.345267 	 J&W_RI 	 51.560000
765.	 3.334064 	 Dordt 	 51.266667
766.	 3.311722 	 Scranton 	 27.400000
767.	 3.309867 	 Genesee_CC 	 66.500000
768.	 3.304652 	 Santa_Fe_CC 	 30.562500
769.	 3.301621 	 West_Chester 	 51.735294
770.	 3.293693 	 Laramie_Co 	 64.000000
771.	 3.292735 	 Jackson_St_CC 	 23.500000
772.	 3.290598 	 Presbyterian 	 0.000000
773.	 3.270665 	 Chris_Newport 	 53.357143
774.	 3.260235 	 California_PA 	 39.285714
775.	 3.259610 	 Paris_JC 	 10.000000
776.	 3.245379 	 Rollins 	 60.714286
777.	 3.179076 	 Essex_CC 	 75.357143
778.	 3.174677 	 Bates 	 53.571429
779.	 3.170182 	 Faulkner_St 	 62.518519
780.	 3.142059 	 Binghamton 	 13.250000
781.	 3.141794 	 Spartanburg_Meth 	 43.642857
782.	 3.138028 	 MiraCosta 	 39.800000
783.	 3.137168 	 Bethune-Cookman 	 24.312500
784.	 3.108178 	 Buena_Vista 	 61.307692
785.	 3.094471 	 Palm_Beach_Atl 	 64.966667
786.	 3.091257 	 Plattsburgh_St 	 41.242424
787.	 3.075091 	 Wesleyan_CT 	 32.666667
788.	 3.041978 	 Savannah_St 	 8.722222
789.	 3.034626 	 Kishwaukee_CC 	 62.444444
790.	 3.014239 	 Sierra_Col 	 27.500000
791.	 2.994894 	 Brooklyn_Col 	 63.700000
792.	 2.990594 	 Southwestern_CC 	 53.633333
793.	 2.987470 	 Lee_TX 	 47.103448
794.	 2.980555 	 Liberty 	 67.545455
795.	 2.969516 	 St_Vincent 	 30.433333
796.	 2.967105 	 Malone 	 27.250000
797.	 2.946298 	 Pima_CC 	 81.838710
798.	 2.941127 	 Northwest_KS_Tech 	 0.000000
799.	 2.929362 	 Davidson_Co_CC 	 89.681818
800.	 2.903119 	 South_Mtn 	 20.312500
801.	 2.899849 	 Susquehanna 	 30.920000
802.	 2.899505 	 Saskatchewan 	 2.560000
803.	 2.896507 	 GA_Perimeter 	 35.000000
804.	 2.866560 	 Tennessee_St 	 33.781250
805.	 2.863140 	 WI_Platteville 	 66.633333
806.	 2.856489 	 Pasadena_City_Col 	 57.615385
807.	 2.853897 	 Caldwell 	 42.642857
808.	 2.852589 	 Col_of_the_Sequoias 	 41.200000
809.	 2.836699 	 Allan_Hancock 	 41.500000
810.	 2.831573 	 Col_of_the_Desert 	 44.851852
811.	 2.819942 	 Life 	 18.750000
812.	 2.813866 	 Faulkner 	 52.451613
813.	 2.811377 	 Mary_ND 	 67.333333
814.	 2.792449 	 Dallas_Bap 	 43.464286
815.	 2.779876 	 NM_Military 	 16.230769
816.	 2.766684 	 UT_Dallas 	 39.290323
817.	 2.761839 	 Santa_Rosa_JC 	 32.230769
818.	 2.754442 	 IL_Springfield 	 31.964286
819.	 2.750735 	 Colorado_Chr 	 35.935484
820.	 2.745580 	 SE_Oklahoma 	 35.354839
821.	 2.742752 	 Rocky_Mtn 	 39.480000
822.	 2.741030 	 Keene_St 	 16.160000
823.	 2.716272 	 Stillman 	 54.000000
824.	 2.708326 	 Northwestern_IA 	 32.375000
825.	 2.698443 	 Cuesta 	 50.034483
826.	 2.695858 	 Young_Harris 	 13.360000
827.	 2.680919 	 LA_Pierce 	 39.192308
828.	 2.668987 	 Cincinnati_St_Tech 	 64.777778
829.	 2.649344 	 Paine 	 31.000000
830.	 2.645266 	 MS_Delta 	 41.038462
831.	 2.644863 	 Diablo_Val 	 39.600000
832.	 2.628590 	 Case_Western 	 48.320000
833.	 2.619559 	 North_Greenville 	 47.307692
834.	 2.616399 	 Sheridan_Col 	 40.766667
835.	 2.614246 	 St_Francis_IL 	 17.333333
836.	 2.613088 	 Hobart-Smith 	 47.111111
837.	 2.611717 	 Bethel_TN 	 56.212121
838.	 2.574013 	 Las_Positas 	 53.041667
839.	 2.565705 	 Glendale_AZ 	 25.407407
840.	 2.560753 	 Cal_St-LA 	 23.259259
841.	 2.551739 	 Notre_Dame_OH 	 11.518519
842.	 2.540824 	 NC_A&T 	 3.434783
843.	 2.539274 	 Bellevue_CC 	 63.580645
844.	 2.511368 	 Bowdoin 	 53.000000
845.	 2.510767 	 Col_of_the_Canyons 	 39.464286
846.	 2.504670 	 MIT 	 48.151515
847.	 2.498368 	 Skyline 	 51.892857
848.	 2.490170 	 Marian_IN 	 42.125000
849.	 2.484502 	 Western_Texas 	 14.434783
850.	 2.456509 	 Winnipeg 	 36.724138
851.	 2.444337 	 Williams 	 59.281250
852.	 2.443849 	 Walters_St 	 49.107143
853.	 2.443700 	 Evangel 	 49.031250
854.	 2.440907 	 Cent_Georgia_Tech 	 39.291667
855.	 2.437891 	 Kansas_City_KS 	 56.558824
856.	 2.437785 	 Clark_CC 	 59.703704
857.	 2.435978 	 Clayton_St 	 40.642857
858.	 2.432695 	 S_Carolina_St 	 43.571429
859.	 2.430239 	 Rowan 	 39.192308
860.	 2.411056 	 Baruch 	 53.586207
861.	 2.397066 	 Valdosta_St 	 21.526316
862.	 2.337340 	 Otero_JC 	 49.862069
863.	 2.323234 	 MS_Gulf_Coast 	 32.791667
864.	 2.289921 	 Warner 	 37.480000
865.	 2.278598 	 Cuyahoga_CC 	 57.678571
866.	 2.275997 	 Lincoln_PA 	 10.000000
867.	 2.268864 	 Hillsborough_CC 	 35.133333
868.	 2.267517 	 Oswego_St 	 42.580645
869.	 2.249123 	 San_Jose_St 	 69.500000
870.	 2.238588 	 Mt_St_Joseph 	 64.225806
871.	 2.238524 	 NW_Nazarene 	 61.333333
872.	 2.225363 	 Francis_Marion 	 39.892857
873.	 2.210048 	 Corban 	 42.586207
874.	 2.209579 	 SW_Oklahoma 	 52.241379
875.	 2.208984 	 Penn_Valley_CC 	 9.680000
876.	 2.207518 	 Danville_CC 	 42.192308
877.	 2.204978 	 Benedict 	 44.031250
878.	 2.203363 	 NE_MS_CC 	 52.821429
879.	 2.192301 	 Tufts 	 56.806452
880.	 2.188040 	 Shepherd 	 10.074074
881.	 2.187959 	 Tohono_O'odham 	 29.352941
882.	 2.177642 	 Claflin 	 39.633333
883.	 2.168799 	 Post 	 42.400000
884.	 2.167064 	 Morgan_St 	 38.482759
885.	 2.159306 	 PR_Bayamon 	 60.481481
886.	 2.158080 	 Clarkson 	 52.592593
887.	 2.157006 	 Palomar_Col 	 49.703704
888.	 2.152950 	 JC_Smith 	 16.580645
889.	 2.146663 	 St_Thomas_FL 	 31.846154
890.	 2.143627 	 Louisiana_Col 	 77.964286
891.	 2.131116 	 Molloy 	 70.785714
892.	 2.120394 	 OK_Baptist 	 42.000000
893.	 2.100258 	 St_Xavier_IL 	 58.482759
894.	 2.095799 	 WI_River_Falls 	 41.333333
895.	 2.093078 	 Texas_A&M_Intl 	 46.032258
896.	 2.090423 	 WI_Oshkosh 	 34.129032
897.	 2.087819 	 Wiley 	 12.250000
898.	 2.081331 	 Salisbury_St 	 10.307692
899.	 2.071760 	 SC_Aiken 	 19.935484
900.	 2.061671 	 S_Vermont 	 49.500000
901.	 2.061417 	 Cincinnati_Chr 	 48.030303
902.	 2.054880 	 Goshen 	 34.593750
903.	 2.045145 	 Allen_Co 	 35.666667
904.	 2.026349 	 NW_Mississippi 	 82.931034
905.	 2.012500 	 Mercer_Co 	 40.606061
906.	 2.009377 	 N_Michigan 	 0.000000
907.	 2.007904 	 William_Penn 	 48.562500
908.	 1.999355 	 North_Park 	 44.722222
909.	 1.971737 	 WV_Wesleyan 	 57.666667
910.	 1.956665 	 Trine 	 36.333333
911.	 1.948664 	 Southeastern_FL 	 55.892857
912.	 1.923769 	 Fayetteville_St 	 48.241379
913.	 1.915905 	 Guilford 	 50.777778
914.	 1.889386 	 Missouri_Val 	 22.935484
915.	 1.867422 	 American_River 	 41.230769
916.	 1.855558 	 W_Nebraska_CC 	 47.235294
917.	 1.841241 	 Dominican_NY 	 41.666667
918.	 1.840387 	 Indiana-East 	 27.633333
919.	 1.825430 	 Pitt-Johnstown 	 46.407407
920.	 1.777845 	 S_Union_St 	 49.692308
921.	 1.761905 	 Endicott 	 63.965517
922.	 1.755638 	 Concordia_NE 	 42.677419
923.	 1.753805 	 Arcadia 	 41.965517
924.	 1.753510 	 Caldwell_CC_Tech 	 48.826087
925.	 1.749381 	 Wheaton_IL 	 15.208333
926.	 1.738506 	 N_Central_MO 	 44.000000
927.	 1.731526 	 Seminole_St 	 6.750000
928.	 1.721925 	 Concordia_Mhd 	 40.730769
929.	 1.708344 	 Alberta 	 48.562500
930.	 1.694268 	 Shaw_NC 	 21.200000
931.	 1.683737 	 St_Mary_KS 	 16.392857
932.	 1.668611 	 Oregon_Tech 	 36.580645
933.	 1.665747 	 Lake_Land_IL 	 35.318182
934.	 1.614555 	 PSU-Behrend 	 40.909091
935.	 1.592055 	 Mott_CC 	 72.360000
936.	 1.589709 	 Southern_Nazarene 	 11.933333
937.	 1.572101 	 Victor_Valley 	 23.320000
938.	 1.570815 	 Nichols 	 25.896552
939.	 1.568995 	 Hesston 	 38.714286
940.	 1.545531 	 M_Hardin-Baylor 	 32.848485
941.	 1.526730 	 Ellsworth_CC 	 23.400000
942.	 1.523720 	 CCBC-Dundalk 	 59.178571
943.	 1.509285 	 Adelphi 	 18.653846
944.	 1.500588 	 Central_Conn 	 9.774194
945.	 1.495562 	 Bemidji_St 	 24.888889
946.	 1.490556 	 Lake_Michigan 	 31.466667
947.	 1.487631 	 Middlebury 	 24.071429
948.	 1.483725 	 Marymount_VA 	 58.545455
949.	 1.482339 	 Fraser_Val 	 58.916667
950.	 1.474979 	 Chattahoochee_Val 	 52.192308
951.	 1.460581 	 Wm_Carey 	 25.689655
952.	 1.451237 	 Cortland_St 	 49.760000
953.	 1.445992 	 Atlanta_Metro 	 30.096774
954.	 1.445117 	 Foothill_Col 	 32.093750
955.	 1.433847 	 Cal_Lutheran 	 49.461538
956.	 1.433325 	 Berea 	 64.541667
957.	 1.417254 	 Kankakee_CC 	 36.500000
958.	 1.414934 	 TX_Lutheran 	 22.357143
959.	 1.405889 	 Sioux_Falls 	 33.333333
960.	 1.396110 	 Lakehead 	 60.250000
961.	 1.377028 	 Dakota_St 	 40.571429
962.	 1.374278 	 McKendree 	 5.440000
963.	 1.367421 	 Black_Hills_St 	 23.266667
964.	 1.358789 	 Henderson_St 	 33.423077
965.	 1.315745 	 Howard_Payne 	 43.777778
966.	 1.302144 	 ASA 	 60.315789
967.	 1.282576 	 Academy_of_Art 	 21.384615
968.	 1.270756 	 Wayne_St_MI 	 31.708333
969.	 1.270720 	 El_Camino-Compton 	 42.538462
970.	 1.209434 	 AIB_Col_Business 	 50.206897
971.	 1.192081 	 SW_Mississippi 	 32.133333
972.	 1.133005 	 Wingate 	 67.837838
973.	 1.082500 	 Santa_Monica_Col 	 31.740741
974.	 1.081901 	 Muskegon_CC 	 19.230769
975.	 1.073670 	 Coastal_Bend_College 	 24.045455
976.	 1.067963 	 Biola 	 38.419355
977.	 1.065650 	 WV_Tech 	 16.451613
978.	 1.048844 	 McGill 	 35.814815
979.	 1.048246 	 Coker 	 32.428571
980.	 1.043346 	 St_Ambrose 	 49.357143
981.	 1.040823 	 UMBC 	 0.000000
982.	 1.038730 	 Fresno_Pacific 	 24.096774
983.	 1.034842 	 Niagara_Co 	 18.766667
984.	 0.995571 	 Columbia_CC 	 40.461538
985.	 0.971782 	 Taylor_IN 	 68.838710
986.	 0.969040 	 Contra_Costa 	 43.346154
987.	 0.960892 	 Loyola_NO 	 32.085714
988.	 0.951392 	 NJ_City 	 10.064516
989.	 0.934226 	 OH_Dominican 	 36.714286
990.	 0.931048 	 Lewis_&_Clark 	 59.433333
991.	 0.914797 	 E_Mennonite 	 48.407407
992.	 0.914567 	 Millersville 	 31.423077
993.	 0.903736 	 Eastern_Oregon 	 40.375000
994.	 0.892442 	 Alcorn_St 	 14.968750
995.	 0.890435 	 Geneseo_St 	 45.923077
996.	 0.861044 	 Cabrillo 	 40.629630
997.	 0.852239 	 Chowan 	 41.827586
998.	 0.847413 	 Eastern_Utah 	 19.545455
999.	 0.835838 	 College_of_NJ 	 41.884615
1000.	 0.806223 	 Gwynedd-Mercy 	 52.666667
1001.	 0.791979 	 Centenary 	 46.178571
1002.	 0.782380 	 Monterey_Peninsula 	 26.240000
1003.	 0.769740 	 Brown_Mackie 	 44.160000
1004.	 0.756121 	 Missouri_S&T 	 29.588235
1005.	 0.734614 	 Erie_CC 	 53.434783
1006.	 0.716494 	 Dowling 	 36.862069
1007.	 0.709448 	 Jamestown 	 42.312500
1008.	 0.667987 	 Maine 	 34.354839
1009.	 0.661327 	 Benedictine_IL 	 51.185185
1010.	 0.636737 	 NYIT 	 19.538462
1011.	 0.636716 	 Delta_Col 	 46.322581
1012.	 0.633228 	 Staten_Island 	 4.190476
1013.	 0.628588 	 Lee-McRae 	 32.964286
1014.	 0.615317 	 MA_Dartmouth 	 44.576923
1015.	 0.613123 	 Colby_CC 	 21.217391
1016.	 0.588079 	 SE_Illinois 	 53.466667
1017.	 0.585180 	 Huntington 	 35.633333
1018.	 0.584429 	 Central_St_OH 	 46.566667
1019.	 0.579985 	 Hastings 	 32.903226
1020.	 0.575316 	 WI_LaCrosse 	 53.937500
1021.	 0.572386 	 Iowa_Cent 	 48.968750
1022.	 0.563548 	 E_Nazarene 	 61.444444
1023.	 0.559686 	 Cowley_Co 	 26.566667
1024.	 0.545849 	 East_Georgia_Col 	 29.423077
1025.	 0.542700 	 Eastern_OK_St 	 30.894737
1026.	 0.516623 	 Misericordia 	 30.307692
1027.	 0.497998 	 Trevecca_Naz 	 41.200000
1028.	 0.492773 	 Northwest_WA 	 47.458333
1029.	 0.491578 	 Chadron_St 	 20.538462
1030.	 0.466858 	 NE_Wesleyan 	 35.206897
1031.	 0.463084 	 Morehouse 	 41.029412
1032.	 0.462239 	 LSU_Shreveport 	 53.031250
1033.	 0.434311 	 Birmingham_So 	 47.714286
1034.	 0.430985 	 S_Suburban 	 15.840000
1035.	 0.420578 	 MS_Valley_St 	 39.695652
1036.	 0.402245 	 Bryant_&_Stratton 	 56.440000
1037.	 0.379023 	 Carnegie_Mellon 	 44.080000
1038.	 0.345911 	 Clinton_JC 	 32.300000
1039.	 0.328932 	 Gordon_GA 	 37.250000
1040.	 0.315915 	 Cape_Breton 	 53.034483
1041.	 0.314385 	 Lycoming 	 16.708333
1042.	 0.288679 	 Western_ON 	 55.812500
1043.	 0.281198 	 Sandhills_CC 	 4.700000
1044.	 0.276717 	 McCook_CC 	 41.823529
1045.	 0.263993 	 Lincoln_Trail 	 44.148148
1046.	 0.251414 	 Grandview 	 43.517241
1047.	 0.225187 	 Coe 	 47.115385
1048.	 0.186506 	 NE_Oklahoma 	 48.076923
1049.	 0.156921 	 PR_Rio_Piedras 	 9.111111
1050.	 0.154812 	 Iowa_Lakes_CC 	 28.173913
1051.	 0.152210 	 Edmonds_CC 	 73.300000
1052.	 0.142003 	 Butte_Col 	 47.500000
1053.	 0.113418 	 Cedarville 	 34.827586
1054.	 0.095902 	 Flagler 	 30.518519
1055.	 0.079455 	 Peru_St 	 50.344828
1056.	 0.074457 	 WI_Eau_Claire 	 64.766667
1057.	 0.057610 	 Russell_Sage 	 53.400000
1058.	 0.055734 	 Wayne_St_NE 	 14.120000
1059.	 0.052588 	 Asbury 	 55.875000
1060.	 0.035748 	 Bridgewater_MA 	 53.884615
1061.	 0.012749 	 Langston 	 72.222222
1062.	 0.011031 	 Aurora 	 56.137931
1063.	 0.008080 	 Tiffin 	 9.846154
1064.	 0.005808 	 Lamar_CC 	 38.933333
1065.	 -0.007668 	 St_Gregory's 	 37.967742
1066.	 -0.014634 	 Cabrini 	 58.592593
1067.	 -0.036703 	 Olive-Harvey 	 52.419355
1068.	 -0.048321 	 Rochester_C&T 	 27.538462
1069.	 -0.056938 	 Finger_Lakes_CC 	 79.296296
1070.	 -0.062894 	 LeMoyne-Owen 	 49.071429
1071.	 -0.073895 	 Albion 	 33.640000
1072.	 -0.093834 	 Tabor 	 43.393939
1073.	 -0.105346 	 St_Mary's_NS 	 11.640000
1074.	 -0.124673 	 Messiah 	 52.458333
1075.	 -0.130932 	 MA_Boston 	 51.961538
1076.	 -0.132721 	 Roane_St 	 10.600000
1077.	 -0.140809 	 Catawba 	 35.064516
1078.	 -0.169077 	 Wabash_Val 	 48.962963
1079.	 -0.176455 	 Hinds_CC 	 28.000000
1080.	 -0.187903 	 Hamline 	 32.560000
1081.	 -0.200382 	 Lindenwood-Belleville 	 46.137931
1082.	 -0.208492 	 Bloomfield 	 35.703704
1083.	 -0.211890 	 Highline_CC 	 57.724138
1084.	 -0.212931 	 Colby 	 43.200000
1085.	 -0.247097 	 Thomas_GA 	 52.968750
1086.	 -0.266482 	 AK_Fairbanks 	 22.615385
1087.	 -0.274563 	 Rochester_NY 	 47.545455
1088.	 -0.289802 	 Pfeiffer 	 45.909091
1089.	 -0.294035 	 Buffalo_St 	 50.760000
1090.	 -0.296458 	 Carleton_MN 	 28.920000
1091.	 -0.318287 	 Big_Bend_CC 	 56.827586
1092.	 -0.325301 	 Lourdes 	 54.750000
1093.	 -0.332174 	 John_Brown 	 48.800000
1094.	 -0.340090 	 Concordia_WI 	 52.275862
1095.	 -0.384403 	 N_New_Mexico 	 22.928571
1096.	 -0.387019 	 Frederick_CC 	 63.066667
1097.	 -0.387045 	 TX_Wesleyan 	 47.852941
1098.	 -0.391623 	 Grand_Rapids_CC 	 45.916667
1099.	 -0.392933 	 Bishop's 	 25.857143
1100.	 -0.394915 	 Whittier 	 65.703704
1101.	 -0.399815 	 Mansfield 	 57.807692
1102.	 -0.403774 	 Ramapo 	 47.923077
1103.	 -0.414899 	 Miramar 	 37.851852
1104.	 -0.415681 	 CS_Dom._Hills 	 17.620690
1105.	 -0.418897 	 Brewton-Parker 	 40.064516
1106.	 -0.447260 	 MT_St_Northern 	 35.533333
1107.	 -0.449134 	 Concordia_MI 	 38.939394
1108.	 -0.481395 	 Tougaloo 	 26.500000
1109.	 -0.484892 	 Mid_Am_Nazarene 	 50.827586
1110.	 -0.491542 	 Itawamba_CC 	 14.458333
1111.	 -0.494782 	 Bor_Manhattan 	 72.200000
1112.	 -0.500558 	 Lincoln_Col 	 22.266667
1113.	 -0.501025 	 Anderson_SC 	 38.035714
1114.	 -0.509258 	 Vancouver_Island 	 18.090909
1115.	 -0.510533 	 St_Joseph's_IN 	 57.464286
1116.	 -0.523543 	 Treasure_Val_CC 	 36.346154
1117.	 -0.529614 	 McDaniel_Col 	 39.920000
1118.	 -0.532916 	 Shippensburg 	 37.611111
1119.	 -0.535711 	 W_Oklahoma_St 	 9.038462
1120.	 -0.538533 	 Denison 	 39.269231
1121.	 -0.550640 	 Univ_of_Southwest 	 24.181818
1122.	 -0.560074 	 Georgia_C&S 	 23.785714
1123.	 -0.566470 	 Hampden-Sydney 	 39.678571
1124.	 -0.605897 	 MN_Crookston 	 41.280000
1125.	 -0.607667 	 Lane 	 53.321429
1126.	 -0.608577 	 Dalhousie 	 48.600000
1127.	 -0.615652 	 Cecil_Col 	 45.769231
1128.	 -0.616937 	 Cent_Arkansas 	 10.870968
1129.	 -0.618716 	 Lawson_St 	 12.400000
1130.	 -0.629161 	 Grinnell 	 71.840000
1131.	 -0.640978 	 Gadsden_St_CC 	 49.464286
1132.	 -0.657839 	 Westminster_UT 	 21.259259
1133.	 -0.660861 	 Tuskegee 	 19.566667
1134.	 -0.664577 	 Ventura_Col 	 18.470588
1135.	 -0.674072 	 Dallas_Univ 	 50.037037
1136.	 -0.699115 	 Green_River_CC 	 50.375000
1137.	 -0.716361 	 West_Florida 	 44.103448
1138.	 -0.716837 	 Cypress 	 28.444444
1139.	 -0.729690 	 Lurleen_Wallace 	 45.074074
1140.	 -0.752896 	 Oglethorpe 	 0.000000
1141.	 -0.756294 	 NM_Highlands 	 48.586207
1142.	 -0.762845 	 Carroll_MT 	 40.500000
1143.	 -0.765863 	 Cent_Methodist 	 53.656250
1144.	 -0.785845 	 Roberts_Wslyn 	 42.696970
1145.	 -0.792280 	 Brandeis 	 23.640000
1146.	 -0.801267 	 S_Dakota_Tech 	 52.909091
1147.	 -0.804319 	 Gettysburg 	 38.777778
1148.	 -0.811820 	 Shawnee_CC 	 33.172414
1149.	 -0.836270 	 W_Connecticut 	 37.187500
1150.	 -0.837198 	 Spring_Arbor 	 48.100000
1151.	 -0.840784 	 Bethany_KS 	 53.903226
1152.	 -0.859552 	 Rend_Lake 	 50.218750
1153.	 -0.861095 	 Friends 	 38.696970
1154.	 -0.892365 	 Barton 	 39.758621
1155.	 -0.897763 	 Milligan 	 39.333333
1156.	 -0.922055 	 Wm_Jessup 	 48.781250
1157.	 -0.925291 	 Garrett 	 63.464286
1158.	 -0.935513 	 The_Master's 	 28.906250
1159.	 -0.943802 	 Rio_Grande 	 17.714286
1160.	 -0.951604 	 Central_IA 	 48.038462
1161.	 -0.952059 	 Carthage 	 29.080000
1162.	 -0.954321 	 Ohio_Valley 	 57.242424
1163.	 -0.958594 	 MT-Great_Falls 	 58.406250
1164.	 -0.966779 	 Trinidad_St_JC 	 43.925926
1165.	 -0.977012 	 Alma 	 30.296296
1166.	 -0.984437 	 Ohio_Northern 	 0.000000
1167.	 -1.005921 	 SW_Univ_TX 	 74.307692
1168.	 -1.006717 	 MT_Tech 	 14.366667
1169.	 -1.028772 	 Rutgers-Camden 	 22.363636
1170.	 -1.038192 	 Ohio_Chr 	 29.250000
1171.	 -1.040775 	 Wilmington_OH 	 26.903226
1172.	 -1.044363 	 Monmouth_IL 	 40.689655
1173.	 -1.070102 	 Kalamazoo_Val 	 16.038462
1174.	 -1.089151 	 Kennedy-King 	 10.045455
1175.	 -1.105376 	 Simon_Fraser 	 29.285714
1176.	 -1.110733 	 Mayville_St 	 35.681818
1177.	 -1.121436 	 Cleveland_St_CC 	 28.925926
1178.	 -1.135885 	 USC_Salkehatchie 	 26.312500
1179.	 -1.139643 	 Wabash 	 46.080000
1180.	 -1.147452 	 Hamilton 	 39.666667
1181.	 -1.208726 	 Baltimore_City_CC 	 49.448276
1182.	 -1.220263 	 Fitchburg_St 	 43.206897
1183.	 -1.238316 	 NW_Oklahoma_St 	 34.375000
1184.	 -1.249171 	 Williams_Bap 	 48.680000
1185.	 -1.250029 	 Thompson_Riv 	 50.629630
1186.	 -1.293245 	 Highland_CC_KS 	 24.846154
1187.	 -1.298212 	 Brescia 	 49.193548
1188.	 -1.311795 	 Cal_Maritime 	 44.242424
1189.	 -1.332039 	 Florida_National 	 43.652174
1190.	 -1.347741 	 Riverside_CC 	 36.869565
1191.	 -1.360194 	 Armstrong_Atl 	 19.040000
1192.	 -1.364646 	 Salem_MA 	 26.714286
1193.	 -1.370061 	 Joliet_JC 	 0.000000
1194.	 -1.386351 	 R_Morris_Chi 	 7.565217
1195.	 -1.387264 	 SUNY_Oneonta 	 30.840000
1196.	 -1.387429 	 Wenatchee_Val_CC 	 17.692308
1197.	 -1.390332 	 J&W_FL 	 2.312500
1198.	 -1.398215 	 Thomas_More 	 38.230769
1199.	 -1.415100 	 Copiah-Lincoln 	 22.913043
1200.	 -1.422926 	 Wartburg 	 41.600000
1201.	 -1.428522 	 York_ON 	 36.892857
1202.	 -1.434301 	 Meridian_CC 	 33.318182
1203.	 -1.441433 	 Roosevelt 	 24.821429
1204.	 -1.457289 	 Wittenberg 	 66.441176
1205.	 -1.457353 	 North_Lake 	 58.888889
1206.	 -1.468460 	 Lake_Region 	 49.840000
1207.	 -1.485634 	 E_New_Mexico 	 22.750000
1208.	 -1.489498 	 Madonna 	 45.928571
1209.	 -1.490991 	 Edward_Waters 	 37.032258
1210.	 -1.492331 	 Clarion 	 32.538462
1211.	 -1.510606 	 Lehman 	 43.925926
1212.	 -1.511739 	 Concordia_AL 	 52.958333
1213.	 -1.546369 	 Ark_Monticello 	 20.500000
1214.	 -1.562597 	 Manor 	 41.903226
1215.	 -1.601717 	 IL_Central 	 37.521739
1216.	 -1.605090 	 Cerritos_Col 	 26.071429
1217.	 -1.608116 	 Laval 	 37.235294
1218.	 -1.622114 	 Lebanon_Val 	 15.160000
1219.	 -1.654974 	 Averett 	 47.285714
1220.	 -1.658915 	 Heidelberg 	 34.923077
1221.	 -1.671168 	 Augsburg 	 30.280000
1222.	 -1.678539 	 Wallace_St 	 32.500000
1223.	 -1.699910 	 Northwestern_MN 	 55.032258
1224.	 -1.708398 	 Mtn_View 	 46.032258
1225.	 -1.712966 	 Rochester_MI 	 73.678571
1226.	 -1.714655 	 Scottsdale_CC 	 31.370370
1227.	 -1.720156 	 Oklahoma_Chr 	 51.906250
1228.	 -1.724060 	 Mohawk_Val 	 77.076923
1229.	 -1.724661 	 LA_Valley_Col 	 16.307692
1230.	 -1.731440 	 Regis_CO 	 30.935484
1231.	 -1.733773 	 Brookhaven 	 38.777778
1232.	 -1.771867 	 Alfred 	 54.074074
1233.	 -1.781025 	 Waynesburg 	 18.096774
1234.	 -1.790441 	 Mobile 	 51.000000
1235.	 -1.793102 	 York_NE 	 43.240000
1236.	 -1.797011 	 Wilmington_DE 	 80.000000
1237.	 -1.799721 	 Hood 	 38.142857
1238.	 -1.821645 	 Hanover 	 36.370370
1239.	 -1.835634 	 Santa_Ana_Col 	 69.571429
1240.	 -1.842510 	 Macomb_CC 	 42.076923
1241.	 -1.860647 	 Harford_CC 	 46.875000
1242.	 -1.861934 	 St_Thomas_TX 	 38.440000
1243.	 -1.891664 	 Calgary 	 47.055556
1244.	 -1.892382 	 Chemekata_CC 	 58.920000
1245.	 -1.910091 	 Carl_Albert 	 17.760000
1246.	 -1.911347 	 Chestnut_Hill 	 19.115385
1247.	 -1.930876 	 Fisher 	 58.241379
1248.	 -1.938233 	 Miles_CC 	 10.620690
1249.	 -1.956874 	 Greensboro 	 44.555556
1250.	 -1.983421 	 Urbana 	 18.807692
1251.	 -2.018348 	 Sullivan_Co 	 15.760000
1252.	 -2.024376 	 N_Arkansas 	 69.647059
1253.	 -2.026024 	 Southwestern_KS 	 45.000000
1254.	 -2.027340 	 Avila 	 33.941176
1255.	 -2.029518 	 Brockport_St 	 41.111111
1256.	 -2.045026 	 Northern_BC 	 41.212121
1257.	 -2.052911 	 Union_NY 	 24.625000
1258.	 -2.054918 	 Muhlenberg 	 36.885714
1259.	 -2.070534 	 Rose-Hulman 	 41.233333
1260.	 -2.077815 	 Puget_Sound 	 13.333333
1261.	 -2.080891 	 UPEI 	 39.818182
1262.	 -2.082926 	 Webber 	 0.000000
1263.	 -2.087180 	 Humber 	 65.240000
1264.	 -2.096286 	 Simpson_CA 	 50.115385
1265.	 -2.111038 	 Spokane_CC 	 47.230769
1266.	 -2.121617 	 Concordia_QC 	 32.151515
1267.	 -2.121776 	 Sewanee 	 19.307692
1268.	 -2.137254 	 Lancaster_Bib 	 43.640000
1269.	 -2.139551 	 Belhaven_MS 	 30.484848
1270.	 -2.142751 	 Pace 	 19.153846
1271.	 -2.158510 	 Indian_River 	 19.625000
1272.	 -2.200131 	 Colby-Sawyer 	 59.923077
1273.	 -2.201209 	 Napa_Valley_CC 	 45.500000
1274.	 -2.207922 	 Feather_River 	 45.200000
1275.	 -2.222726 	 Patrick_Henry_CC 	 23.851852
1276.	 -2.247058 	 Rockhurst 	 22.520000
1277.	 -2.259323 	 St_Lawrence 	 62.666667
1278.	 -2.261107 	 Randolph_Col 	 41.400000
1279.	 -2.269174 	 Lock_Haven 	 54.275862
1280.	 -2.272245 	 Albany_Tech 	 18.478261
1281.	 -2.278061 	 Waldorf 	 23.307692
1282.	 -2.308624 	 Eliz._City_St 	 25.900000
1283.	 -2.310074 	 Hartwick 	 45.500000
1284.	 -2.336754 	 Fort_Scott_CC 	 30.592593
1285.	 -2.340672 	 WV_State 	 34.125000
1286.	 -2.357647 	 Shawnee_St 	 22.333333
1287.	 -2.362828 	 SW_Chr_TX 	 27.896552
1288.	 -2.378187 	 Virginia_Union 	 24.969697
1289.	 -2.389029 	 N_Iowa_CC 	 34.066667
1290.	 -2.418547 	 Maryville_TN 	 34.366667
1291.	 -2.432424 	 Wayne_Co 	 69.852941
1292.	 -2.433636 	 Black_Hawk-M 	 39.200000
1293.	 -2.442788 	 LA_Trade-Tech 	 34.826087
1294.	 -2.451767 	 Bloomsburg 	 32.192308
1295.	 -2.468464 	 Hilbert 	 61.500000
1296.	 -2.503560 	 Albright 	 28.916667
1297.	 -2.516081 	 Oklahoma_S&A 	 19.037037
1298.	 -2.547106 	 Limestone 	 46.838710
1299.	 -2.562034 	 Pitt_CC 	 50.578947
1300.	 -2.576251 	 Culver-Stockton 	 40.121212
1301.	 -2.579056 	 Point_Park 	 54.000000
1302.	 -2.582905 	 SW_Christian 	 24.592593
1303.	 -2.587100 	 El_Camino_Col 	 23.833333
1304.	 -2.601594 	 Notre_Dame_CA 	 69.352941
1305.	 -2.604893 	 Eastern_Arizona 	 21.500000
1306.	 -2.623495 	 Denmark_Tech 	 46.928571
1307.	 -2.626098 	 St_Martin's 	 6.200000
1308.	 -2.640512 	 Seton_Hill 	 38.516129
1309.	 -2.643395 	 Nyack 	 18.640000
1310.	 -2.650219 	 Sacramento_City 	 17.925926
1311.	 -2.656235 	 Bethany_WV 	 44.620690
1312.	 -2.656353 	 Murray_St_CC 	 68.406250
1313.	 -2.662625 	 Regis_MA 	 14.111111
1314.	 -2.670816 	 Viterbo 	 0.000000
1315.	 -2.678737 	 Chand-Gilbert 	 17.304348
1316.	 -2.679330 	 Grossmont 	 22.370370
1317.	 -2.695683 	 Berkeley_NYC 	 66.631579
1318.	 -2.696723 	 PR_Mayaguez 	 30.416667
1319.	 -2.700492 	 Western_St_CO 	 48.516129
1320.	 -2.716944 	 Colorado_Col 	 37.576923
1321.	 -2.731996 	 Delaware_Val 	 45.296296
1322.	 -2.733332 	 Orange_Coast 	 32.954545
1323.	 -2.748361 	 Nassau_CC 	 35.518519
1324.	 -2.757762 	 DeSales 	 47.074074
1325.	 -2.776796 	 Pomona_Pitzer 	 48.916667
1326.	 -2.786422 	 Eastfield_Col 	 37.166667
1327.	 -2.786750 	 Grambling 	 4.448276
1328.	 -2.797621 	 Holy_Cross_IN 	 36.218750
1329.	 -2.801389 	 Millikin 	 45.406250
1330.	 -2.851666 	 York_NY 	 38.531250
1331.	 -2.872223 	 Webster_Univ 	 31.000000
1332.	 -2.873769 	 De_Anza_Col 	 33.000000
1333.	 -2.893204 	 Ottawa_KS 	 36.160000
1334.	 -2.895110 	 Langara 	 48.640000
1335.	 -2.900541 	 Methodist 	 42.541667
1336.	 -2.910589 	 Reinhardt 	 46.607143
1337.	 -2.917154 	 Auburn_M'gomery 	 35.096774
1338.	 -2.925428 	 Oakland_City 	 65.230769
1339.	 -2.936624 	 Independence_CC 	 10.807692
1340.	 -2.937326 	 St_Augustine's 	 57.620690
1341.	 -2.939296 	 Wytheville_CC 	 48.529412
1342.	 -2.944026 	 Jamestown_CC 	 53.484848
1343.	 -2.945040 	 Ripon 	 45.266667
1344.	 -2.956341 	 Bluffton 	 43.821429
1345.	 -2.957204 	 San_Diego_Chr 	 34.935484
1346.	 -2.994190 	 Blue_Mtn 	 27.137931
1347.	 -2.995374 	 Truett-McConnell 	 24.896552
1348.	 -2.999481 	 Doane 	 23.161290
1349.	 -3.013563 	 Mid_Georgia 	 29.866667
1350.	 -3.025249 	 Cumberland_TN 	 21.633333
1351.	 -3.026052 	 LaGrange 	 49.125000
1352.	 -3.034531 	 St_Joseph's_NY 	 36.333333
1353.	 -3.045977 	 Schreiner 	 78.468750
1354.	 -3.046361 	 Wash_&_Lee 	 6.153846
1355.	 -3.080570 	 Widener 	 62.281250
1356.	 -3.096201 	 Florida_A&M 	 4.172414
1357.	 -3.101672 	 Regina 	 20.923077
1358.	 -3.101885 	 PSU-Fayette 	 30.863636
1359.	 -3.112346 	 MT_St-Billings 	 50.185185
1360.	 -3.118295 	 TN_Wesleyan 	 21.370370
1361.	 -3.122684 	 Johnson_Co 	 34.037037
1362.	 -3.126686 	 Mohawk 	 16.000000
1363.	 -3.133514 	 Panola 	 8.678571
1364.	 -3.143136 	 Labette_CC 	 22.000000
1365.	 -3.156793 	 Lewis_&_Clark_CC 	 42.370370
1366.	 -3.175963 	 Brunswick_CC 	 27.185185
1367.	 -3.202399 	 Felician 	 19.520000
1368.	 -3.213304 	 Lincoln_MO 	 77.031250
1369.	 -3.213915 	 Central_Chr 	 43.352941
1370.	 -3.236467 	 Anderson_IN 	 43.461538
1371.	 -3.241870 	 J&W_NC 	 43.862069
1372.	 -3.269087 	 Central_Lakes 	 71.966667
1373.	 -3.272720 	 Col_of_Dupage 	 44.275862
1374.	 -3.281328 	 Lenoir_Rhyne 	 32.360000
1375.	 -3.295593 	 LA_Southwest 	 16.440000
1376.	 -3.304017 	 Madison_Col 	 41.076923
1377.	 -3.315959 	 Laurier 	 29.791667
1378.	 -3.318704 	 Skagit_Val_CC 	 11.520000
1379.	 -3.326783 	 Purdue_Calumet 	 46.515152
1380.	 -3.345344 	 Lakeland 	 44.151515
1381.	 -3.351553 	 Ancilla 	 41.043478
1382.	 -3.354882 	 Loras 	 41.357143
1383.	 -3.374434 	 Milwaukee_Tech 	 37.923077
1384.	 -3.377291 	 Presentation 	 22.968750
1385.	 -3.398904 	 Stevens_Tech 	 22.000000
1386.	 -3.411182 	 Guelph 	 32.225806
1387.	 -3.426198 	 Becker 	 43.807692
1388.	 -3.434995 	 Wallace_CC-Selma 	 45.000000
1389.	 -3.447752 	 SUNY_New_Paltz 	 5.833333
1390.	 -3.456578 	 McMurry 	 73.035714
1391.	 -3.460602 	 Bristol 	 28.809524
1392.	 -3.485219 	 Edgewood 	 40.370370
1393.	 -3.488013 	 Capital 	 23.346154
1394.	 -3.498759 	 West_Hills 	 64.666667
1395.	 -3.499047 	 Medaille 	 41.307692
1396.	 -3.515936 	 Tusculum 	 0.000000
1397.	 -3.517099 	 Brevard 	 30.833333
1398.	 -3.526269 	 Dakota_Co_Tech 	 52.347826
1399.	 -3.544458 	 Queens_NY 	 47.645161
1400.	 -3.549714 	 IN_S_Bend 	 29.500000
1401.	 -3.559342 	 StL_CC-Meramec 	 48.285714
1402.	 -3.566913 	 Calumet-St_Jos 	 34.766667
1403.	 -3.567838 	 Bryan 	 41.793103
1404.	 -3.579520 	 CSU_East_Bay 	 14.642857
1405.	 -3.579775 	 Concordia_NY 	 31.928571
1406.	 -3.606259 	 Clackamas_CC 	 50.321429
1407.	 -3.616312 	 Roanoke 	 33.952381
1408.	 -3.625309 	 Huston-Tillot 	 25.870968
1409.	 -3.643067 	 Indiana_Tech 	 35.468750
1410.	 -3.646853 	 Southside_VA_CC 	 48.761905
1411.	 -3.666794 	 Trinity_IL 	 0.000000
1412.	 -3.667916 	 Voorhees 	 11.923077
1413.	 -3.685226 	 Olney 	 63.235294
1414.	 -3.697024 	 Holy_Names 	 7.448276
1415.	 -3.711198 	 CCBC_Catonsville 	 50.423077
1416.	 -3.716079 	 LaGuardia_CC 	 51.172414
1417.	 -3.716989 	 Luther_IA 	 38.629630
1418.	 -3.717521 	 Transylvania 	 26.000000
1419.	 -3.742559 	 Manitoba 	 23.040000
1420.	 -3.743044 	 Kentucky_St 	 29.100000
1421.	 -3.787788 	 Bossier_Parish 	 6.961538
1422.	 -3.801662 	 Park 	 40.285714
1423.	 -3.805398 	 Dickinson_St_ND 	 31.812500
1424.	 -3.824249 	 Toronto 	 30.080000
1425.	 -3.839202 	 Cuyamaca 	 19.115385
1426.	 -3.843275 	 Northern_Virginia_CC 	 55.375000
1427.	 -3.848523 	 Washington_Advt 	 37.096774
1428.	 -3.853609 	 Spalding 	 49.363636
1429.	 -3.856504 	 Lake_Forest 	 35.555556
1430.	 -3.866630 	 Pierce_CC 	 16.900000
1431.	 -3.875680 	 Corning_CC 	 63.551724
1432.	 -3.882812 	 Delgado_CC 	 18.652174
1433.	 -3.883414 	 Bismarck_St 	 33.960000
1434.	 -3.924727 	 Laurentian 	 57.481481
1435.	 -3.927429 	 Brock 	 36.151515
1436.	 -3.972571 	 Lower_Columbia 	 37.774194
1437.	 -3.975627 	 Mars_Hill 	 31.060606
1438.	 -3.997348 	 Florida_St-Jax 	 11.137931
1439.	 -4.001950 	 Bridgewater_VA 	 29.000000
1440.	 -4.010622 	 Cedar_Valley 	 20.913043
1441.	 -4.018089 	 Marian_WI 	 36.870968
1442.	 -4.019502 	 Dean 	 76.300000
1443.	 -4.031644 	 Adrian 	 20.576923
1444.	 -4.100941 	 Swarthmore 	 39.481481
1445.	 -4.116964 	 Erskine 	 22.548387
1446.	 -4.120283 	 Walla_Walla_CC 	 22.960000
1447.	 -4.133169 	 St_Catharine 	 42.290323
1448.	 -4.142804 	 NC_Wesleyan 	 45.666667
1449.	 -4.161645 	 Clark_MA 	 25.840000
1450.	 -4.175169 	 Morton 	 45.000000
1451.	 -4.202821 	 Howard_CC 	 42.916667
1452.	 -4.209217 	 WI_Superior 	 9.320000
1453.	 -4.225990 	 Ave_Maria 	 24.218750
1454.	 -4.231084 	 Peace 	 7.137931
1455.	 -4.234111 	 MI_Dearborn 	 61.031250
1456.	 -4.254295 	 Lyon 	 55.586207
1457.	 -4.273891 	 Crowley's_Ridge 	 63.125000
1458.	 -4.275976 	 Neumann 	 67.400000
1459.	 -4.290571 	 Rosemont 	 41.269231
1460.	 -4.307990 	 Columbia_Basin 	 54.100000
1461.	 -4.316493 	 Rochester_Tech 	 29.481481
1462.	 -4.321609 	 Anoka_Ramsey 	 49.766667
1463.	 -4.382192 	 W_New_Mexico 	 21.423077
1464.	 -4.398593 	 Drew 	 39.538462
1465.	 -4.413946 	 Goldey_Beacom 	 20.344828
1466.	 -4.418683 	 Piedmont 	 70.142857
1467.	 -4.420213 	 Husson 	 55.482759
1468.	 -4.469164 	 Hostos_CC 	 50.870968
1469.	 -4.486759 	 Emerson 	 29.115385
1470.	 -4.503169 	 Immaculata 	 33.000000
1471.	 -4.518373 	 Central_Penn 	 59.666667
1472.	 -4.526795 	 IN_Southeast 	 28.125000
1473.	 -4.527202 	 SUNY_Canton 	 66.586207
1474.	 -4.528144 	 Wilkes 	 60.903226
1475.	 -4.531271 	 King's_PA 	 9.285714
1476.	 -4.533055 	 Ithaca 	 24.043478
1477.	 -4.604106 	 Mt_Royal 	 72.406250
1478.	 -4.607360 	 Wesley_DE 	 32.357143
1479.	 -4.618045 	 St_Katherine 	 27.677419
1480.	 -4.619925 	 Thiel 	 28.758621
1481.	 -4.649552 	 Vermilion_CC 	 28.892857
1482.	 -4.674131 	 Centenary_NJ 	 39.000000
1483.	 -4.675845 	 Sterling 	 55.034483
1484.	 -4.685644 	 Sauk_Valley_CC 	 60.885714
1485.	 -4.720003 	 State_Col_Fla 	 44.187500
1486.	 -4.746539 	 MacMurray 	 16.040000
1487.	 -4.759313 	 Mid-South_CC 	 29.722222
1488.	 -4.763452 	 Pacific_OR 	 27.322581
1489.	 -4.786110 	 Montclair_St 	 18.900000
1490.	 -4.797300 	 Mercy 	 24.640000
1491.	 -4.810970 	 Bluefield_WV 	 32.125000
1492.	 -4.814654 	 Siena_Hts 	 26.483871
1493.	 -4.818703 	 Willamette 	 36.680000
1494.	 -4.819879 	 Ranger 	 67.419355
1495.	 -4.851834 	 Spring_Hill 	 30.064516
1496.	 -4.873101 	 Apprentice 	 50.200000
1497.	 -4.877497 	 Davis_&_Elkins 	 15.692308
1498.	 -4.882910 	 Lake_Co 	 50.642857
1499.	 -4.915813 	 Allegheny 	 28.807692
1500.	 -4.929762 	 Snead_St 	 58.121212
1501.	 -4.935356 	 Carl_Sandburg 	 30.851852
1502.	 -4.938290 	 Alice_Lloyd 	 33.896552
1503.	 -4.969916 	 Bronx_CC 	 50.142857
1504.	 -4.970738 	 Frostburg_St 	 30.800000
1505.	 -4.971544 	 Rensselaer 	 32.481481
1506.	 -4.982178 	 Clarendon 	 7.888889
1507.	 -4.984400 	 Porterville 	 27.192308
1508.	 -4.990713 	 Eastern_Wyoming 	 10.136364
1509.	 -5.035718 	 Lane_CC 	 43.482759
1510.	 -5.038153 	 Oberlin 	 23.894737
1511.	 -5.087492 	 Pac_Lutheran 	 21.062500
1512.	 -5.100744 	 Peninsula 	 62.370370
1513.	 -5.125746 	 Redlands 	 42.791667
1514.	 -5.140987 	 Hiram 	 30.653846
1515.	 -5.155090 	 Gloucester_Co 	 63.090909
1516.	 -5.182025 	 Sinclair_CC 	 17.800000
1517.	 -5.192950 	 Trinity_Bap 	 29.173913
1518.	 -5.238546 	 Lincoln_Land 	 66.086957
1519.	 -5.257187 	 Holland 	 82.333333
1520.	 -5.260445 	 Greenville 	 41.560000
1521.	 -5.269793 	 Bluefield_VA 	 32.200000
1522.	 -5.302096 	 St_Joseph's_ME 	 46.814815
1523.	 -5.302152 	 Mary_Washington 	 22.769231
1524.	 -5.318801 	 Baker_KS 	 20.750000
1525.	 -5.339303 	 Highland_CC_IL 	 37.758621
1526.	 -5.397045 	 Mendocino 	 42.111111
1527.	 -5.403937 	 Lawrence_Tech 	 32.086957
1528.	 -5.412149 	 Kenyon 	 26.925926
1529.	 -5.423836 	 AL_Southern 	 21.034483
1530.	 -5.467621 	 Mt_St_Vincent 	 45.781250
1531.	 -5.476813 	 Milwaukee_Eng 	 18.192308
1532.	 -5.489138 	 Ursinus 	 18.166667
1533.	 -5.506184 	 Wentworth_Tech 	 14.000000
1534.	 -5.566832 	 Potomac_St-WVU 	 34.846154
1535.	 -5.589193 	 Queen's_ON 	 24.656250
1536.	 -5.593624 	 Anna_Maria 	 42.000000
1537.	 -5.616493 	 Occidental 	 26.884615
1538.	 -5.626400 	 Marywood 	 41.321429
1539.	 -5.671136 	 Grace_NE 	 32.724138
1540.	 -5.676030 	 Dawson_CC 	 25.291667
1541.	 -5.681104 	 Waterloo 	 35.290323
1542.	 -5.697539 	 La_Verne 	 24.692308
1543.	 -5.712363 	 Valley_Forge 	 29.225806
1544.	 -5.713866 	 Dyersburg_St 	 13.863636
1545.	 -5.770175 	 Juniata 	 11.750000
1546.	 -5.778772 	 Trinity_TX 	 34.290323
1547.	 -5.790254 	 Hendrix 	 28.800000
1548.	 -5.796233 	 Nazareth 	 27.937500
1549.	 -5.799006 	 Lackawanna 	 24.653846
1550.	 -5.799118 	 Enterprise_St 	 9.454545
1551.	 -5.840166 	 Sul_Ross 	 41.423077
1552.	 -5.840663 	 Lawrence 	 41.657143
1553.	 -5.864030 	 Acadia 	 22.727273
1554.	 -5.865646 	 Catawba_Val 	 32.821429
1555.	 -5.882317 	 St_Clair_Co 	 29.190476
1556.	 -5.884848 	 Fontbonne 	 33.928571
1557.	 -5.903953 	 CT_College 	 23.347826
1558.	 -5.914334 	 Dist_Columbia 	 16.178571
1559.	 -5.914637 	 Prince_George's 	 46.258065
1560.	 -5.928642 	 Everett_CC 	 44.033333
1561.	 -5.937335 	 WI_Lutheran 	 29.320000
1562.	 -5.970962 	 Shasta_Col 	 71.757576
1563.	 -5.972661 	 Morthland 	 33.240000
1564.	 -5.983241 	 Pitt-Bradford 	 56.896552
1565.	 -6.010619 	 Austin_Col 	 21.846154
1566.	 -6.012470 	 Purdue-N_Cent 	 37.300000
1567.	 -6.055513 	 Oakwood 	 14.750000
1568.	 -6.063358 	 Bard 	 32.080000
1569.	 -6.093769 	 Pacific_Union 	 32.500000
1570.	 -6.109740 	 Hillsdale_Bap 	 36.925926
1571.	 -6.113497 	 Colorado_NW 	 11.653846
1572.	 -6.123793 	 Glen_Oaks_CC 	 25.000000
1573.	 -6.125409 	 Southern_N.O. 	 23.900000
1574.	 -6.131989 	 Elmira 	 29.400000
1575.	 -6.137805 	 R_Morris_Spfd 	 40.906250
1576.	 -6.143638 	 Kean 	 53.961538
1577.	 -6.152610 	 Pensacola_Chr 	 40.461538
1578.	 -6.158924 	 Mercyhurst_NE 	 49.275862
1579.	 -6.165334 	 West_Valley_Col 	 94.100000
1580.	 -6.176709 	 Modesto_JC 	 27.896552
1581.	 -6.232566 	 State_Fair_CC 	 13.000000
1582.	 -6.260854 	 Lasell 	 43.310345
1583.	 -6.263942 	 WI_Stout 	 56.800000
1584.	 -6.268812 	 Jackson_CC 	 62.607143
1585.	 -6.286511 	 UC_Santa_Cruz 	 39.892857
1586.	 -6.298454 	 Arlington_Bap 	 30.200000
1587.	 -6.300601 	 Evergreen_St 	 13.115385
1588.	 -6.309090 	 Moraine_Val 	 49.103448
1589.	 -6.314041 	 Carroll_WI 	 29.913043
1590.	 -6.339000 	 Walla_Walla 	 36.375000
1591.	 -6.345739 	 Albany_GA 	 26.678571
1592.	 -6.370367 	 Henry_Ford_CC 	 21.080000
1593.	 -6.377961 	 Clark_Atlanta 	 20.035714
1594.	 -6.386640 	 Elms 	 34.120000
1595.	 -6.399883 	 S_Wesleyan 	 19.120000
1596.	 -6.402394 	 Volunteer_St 	 34.866667
1597.	 -6.403654 	 Kalamazoo 	 31.920000
1598.	 -6.405839 	 Plymouth_St 	 53.464286
1599.	 -6.438285 	 Gordon 	 28.692308
1600.	 -6.451560 	 Trinity_Chr 	 21.357143
1601.	 -6.469386 	 Glendale_CA 	 7.318182
1602.	 -6.485099 	 Valley_City_St 	 29.892857
1603.	 -6.493700 	 Col_of_the_Redwoods 	 32.541667
1604.	 -6.502714 	 FL_Memorial 	 9.000000
1605.	 -6.515100 	 Macalester 	 28.586207
1606.	 -6.518932 	 St_Joseph's_LI 	 17.482759
1607.	 -6.529733 	 Mt_Hood_CC 	 24.200000
1608.	 -6.543418 	 Tacoma_CC 	 45.314286
1609.	 -6.549502 	 Dallas_Chr 	 34.137931
1610.	 -6.593543 	 Wentworth_Mil 	 49.870968
1611.	 -6.616299 	 Grace_Bib 	 32.333333
1612.	 -6.632778 	 Univ_Ozarks 	 51.030303
1613.	 -6.642296 	 SUNY-Cobleskill 	 5.916667
1614.	 -6.653780 	 S_Maine_Tech 	 15.666667
1615.	 -6.669144 	 UQAM 	 50.233333
1616.	 -6.672916 	 Yeshiva 	 48.500000
1617.	 -6.677080 	 San_Diego_Mesa 	 15.225806
1618.	 -6.682684 	 Panhandle_St 	 37.884615
1619.	 -6.741556 	 Mid-Michigan_CC 	 8.941176
1620.	 -6.759190 	 UT_Tyler 	 35.600000
1621.	 -6.771160 	 McPherson 	 36.096774
1622.	 -6.785833 	 Rust 	 67.392857
1623.	 -6.807992 	 Jarvis_Chr 	 13.944444
1624.	 -6.816772 	 Univ_Lethbridge 	 0.000000
1625.	 -6.819964 	 Georgian_Court 	 13.500000
1626.	 -6.824567 	 Warren_Wilson 	 60.235294
1627.	 -6.861620 	 Castleton 	 43.185185
1628.	 -6.906367 	 PSU_York 	 39.166667
1629.	 -6.909493 	 Elizabethtown 	 25.916667
1630.	 -6.912875 	 Raritan_Val 	 8.208333
1631.	 -6.928000 	 Eastern_Univ 	 31.920000
1632.	 -6.947281 	 Clarke 	 10.857143
1633.	 -6.948511 	 Lethbridge_Col 	 5.800000
1634.	 -6.987546 	 Mitchell 	 46.481481
1635.	 -7.012490 	 Miles 	 55.812500
1636.	 -7.025810 	 Dakota-Bottineau 	 36.347826
1637.	 -7.028258 	 UVA-Wise 	 33.240000
1638.	 -7.041537 	 CC_of_RI 	 42.115385
1639.	 -7.062813 	 Beloit 	 26.043478
1640.	 -7.094702 	 Illinois_Val 	 29.814815
1641.	 -7.095149 	 Oxnard 	 26.000000
1642.	 -7.105692 	 Douglas 	 47.142857
1643.	 -7.112371 	 Shoreline_CC 	 36.851852
1644.	 -7.160729 	 Cheyney_St 	 5.535714
1645.	 -7.169774 	 Keystone 	 34.344828
1646.	 -7.197484 	 IU_Kokomo 	 39.923077
1647.	 -7.201524 	 Portland_Bible 	 39.031250
1648.	 -7.209655 	 Memorial 	 52.724138
1649.	 -7.217108 	 Pitt-Greensburg 	 42.769231
1650.	 -7.235480 	 Utica 	 50.562500
1651.	 -7.241452 	 Bishop_St 	 15.434783
1652.	 -7.337080 	 Salem_WV 	 39.370370
1653.	 -7.370194 	 Hunter 	 24.222222
1654.	 -7.371580 	 MA_Liberal_Arts 	 44.962963
1655.	 -7.377568 	 Grant_MacEwan 	 25.312500
1656.	 -7.397252 	 Merchant_Marine 	 64.807692
1657.	 -7.403786 	 Ferrum 	 22.440000
1658.	 -7.417568 	 Old_Westbury 	 52.387097
1659.	 -7.422143 	 Gallaudet 	 52.840000
1660.	 -7.485792 	 Haskell 	 22.666667
1661.	 -7.503601 	 Mesabi_Range 	 54.586207
1662.	 -7.510112 	 MN_Morris 	 61.787879
1663.	 -7.532700 	 SUNY-Delhi 	 43.142857
1664.	 -7.535634 	 Philadelphia_CC 	 54.030303
1665.	 -7.552100 	 Alpena_CC 	 26.363636
1666.	 -7.572933 	 Silver_Lake 	 39.206897
1667.	 -7.620176 	 Columbus_St_CC 	 15.000000
1668.	 -7.627771 	 Union_Co 	 44.064516
1669.	 -7.641984 	 Simpson_IA 	 42.935484
1670.	 -7.643575 	 DE_Tech_CC 	 35.423077
1671.	 -7.658138 	 Le_Tourneau 	 39.068966
1672.	 -7.683096 	 Elgin_CC 	 46.692308
1673.	 -7.684534 	 Texas_Col 	 33.586207
1674.	 -7.695512 	 Eureka 	 34.760000
1675.	 -7.698385 	 Lone_Star_CC 	 31.444444
1676.	 -7.714008 	 Marion_Mil 	 66.137931
1677.	 -7.757024 	 Fullerton_Col 	 11.333333
1678.	 -7.757849 	 Andrews 	 27.130435
1679.	 -7.773291 	 Reedley 	 50.458333
1680.	 -7.781295 	 Haverford 	 18.200000
1681.	 -7.787824 	 Vassar 	 38.944444
1682.	 -7.805577 	 W_Coast_Bap 	 34.312500
1683.	 -7.829264 	 Fort_Valley_St 	 10.266667
1684.	 -7.830556 	 Graceland 	 18.133333
1685.	 -7.864223 	 Southeast_CC 	 67.666667
1686.	 -7.884937 	 Coahoma_CC 	 0.000000
1687.	 -7.904540 	 St_Lambert 	 19.777778
1688.	 -7.908508 	 Barstow_CC 	 11.880000
1689.	 -7.909342 	 Purchase 	 34.880000
1690.	 -7.920496 	 Tomball 	 47.000000
1691.	 -7.947673 	 Allen 	 25.137931
1692.	 -7.964513 	 Fanshawe 	 57.360000
1693.	 -7.968994 	 Covenant 	 23.071429
1694.	 -8.002762 	 Bacone 	 17.935484
1695.	 -8.037469 	 Benedictine-Spfld 	 30.352941
1696.	 -8.042714 	 St_Fran_Xavier 	 52.030303
1697.	 -8.057721 	 Iowa_Wesleyan 	 61.181818
1698.	 -8.082056 	 Bethel_KS 	 24.000000
1699.	 -8.101737 	 W_New_England 	 35.068966
1700.	 -8.177859 	 Washington_MD 	 33.709677
1701.	 -8.195879 	 Muskingum 	 53.625000
1702.	 -8.210978 	 Manhattanville 	 24.954545
1703.	 -8.262520 	 Central_Bap 	 26.424242
1704.	 -8.283300 	 Judson_IL 	 65.476190
1705.	 -8.318677 	 Framingham_St 	 17.320000
1706.	 -8.322200 	 S_Maine 	 56.074074
1707.	 -8.327138 	 St_Andrew's 	 42.129032
1708.	 -8.358248 	 Wm_Woods 	 56.241379
1709.	 -8.395074 	 United_Tribes 	 53.935484
1710.	 -8.466483 	 Suffolk_Co-Selden 	 24.481481
1711.	 -8.486461 	 Cornell_IA 	 24.291667
1712.	 -8.488650 	 Worcester_St 	 63.600000
1713.	 -8.541254 	 PSU_Mont_Alto 	 34.000000
1714.	 -8.544684 	 Toccoa_Falls 	 42.375000
1715.	 -8.569680 	 Coastal_GA 	 8.448276
1716.	 -8.583951 	 Roger_Williams 	 60.687500
1717.	 -8.591261 	 Grays_Harbor 	 32.346154
1718.	 -8.592675 	 Solano_CC 	 32.478261
1719.	 -8.665127 	 Cazenovia 	 40.115385
1720.	 -8.666289 	 Imperial_Val 	 9.625000
1721.	 -8.702123 	 Globe_Tech 	 15.000000
1722.	 -8.709235 	 OK_Wesleyan 	 59.576923
1723.	 -8.761121 	 Santa_Barbara_City 	 41.687500
1724.	 -8.770260 	 N_Central_MN 	 50.692308
1725.	 -8.820094 	 Little_Big_Horn 	 36.258065
1726.	 -8.823024 	 St_Joseph_VT 	 47.000000
1727.	 -8.826001 	 Emory_&_Henry 	 15.370370
1728.	 -8.833293 	 TN_Temple 	 44.966667
1729.	 -8.837884 	 Umpqua_CC 	 9.100000
1730.	 -8.872782 	 Lenoir_CC 	 41.333333
1731.	 -8.896751 	 Carver_Bib 	 5.812500
1732.	 -8.898960 	 Shenandoah 	 55.896552
1733.	 -8.907163 	 Rockland_CC 	 20.678571
1734.	 -8.910730 	 Alameda 	 10.500000
1735.	 -8.922581 	 N_Alberta_Tech 	 17.600000
1736.	 -8.956337 	 Middlesex_Co 	 59.833333
1737.	 -9.005196 	 Red_Deer 	 42.600000
1738.	 -9.012112 	 La_Sierra 	 34.727273
1739.	 -9.041548 	 Olivet_MI 	 65.535714
1740.	 -9.065398 	 Dillard 	 10.818182
1741.	 -9.073937 	 Berry 	 18.777778
1742.	 -9.104389 	 Hiwassee 	 14.346154
1743.	 -9.112245 	 Rockford 	 76.310345
1744.	 -9.154607 	 Emmanuel_MA 	 26.192308
1745.	 -9.203062 	 Florida_Col 	 17.545455
1746.	 -9.205801 	 City_Col_NY 	 25.240000
1747.	 -9.213947 	 S_Virginia 	 67.793103
1748.	 -9.221534 	 York_PA 	 37.437500
1749.	 -9.228703 	 Pasco-Hernando 	 33.185185
1750.	 -9.256415 	 Whatcom_CC 	 9.115385
1751.	 -9.279016 	 Quest 	 26.360000
1752.	 -9.282670 	 Keuka 	 21.320000
1753.	 -9.361386 	 George_Fox 	 17.920000
1754.	 -9.421557 	 Darton 	 25.333333
1755.	 -9.423552 	 Mia-Middletown 	 25.419355
1756.	 -9.427774 	 SUNYIT 	 20.000000
1757.	 -9.466623 	 OH_Lancaster 	 24.500000
1758.	 -9.503618 	 Hannibal-Lagr 	 16.781250
1759.	 -9.521694 	 Pine_Manor 	 38.652174
1760.	 -9.530773 	 Hartnell 	 9.208333
1761.	 -9.531574 	 Columbia_Greene 	 43.962963
1762.	 -9.534565 	 Brookdale_CC 	 55.222222
1763.	 -9.542434 	 Geneva 	 27.807692
1764.	 -9.552863 	 Manchester 	 30.620690
1765.	 -9.557804 	 Lincoln_Col_of_NE 	 32.961538
1766.	 -9.584354 	 Coast_Guard 	 15.600000
1767.	 -9.584869 	 St_Scholastica 	 23.071429
1768.	 -9.603017 	 Durham 	 69.875000
1769.	 -9.626570 	 Brandon 	 17.400000
1770.	 -9.657268 	 John_Jay 	 66.962963
1771.	 -9.658244 	 Thomas_ME 	 46.781250
1772.	 -9.663064 	 Rainy_River_CC 	 50.687500
1773.	 -9.663633 	 D'Youville 	 29.461538
1774.	 -9.693937 	 Franklin_IN 	 16.280000
1775.	 -9.717985 	 Fulton-Mont 	 50.083333
1776.	 -9.753364 	 Ohio_Eastern 	 36.434783
1777.	 -9.788111 	 St_Mary's_MN 	 60.240000
1778.	 -9.789475 	 Camden_Co 	 42.272727
1779.	 -9.814098 	 Grove_City 	 26.076923
1780.	 -9.816903 	 Otterbein 	 87.333333
1781.	 -9.825655 	 Hagerstown_CC 	 29.884615
1782.	 -9.828527 	 Morris_SC 	 73.454545
1783.	 -9.846402 	 Bergen_CC 	 44.379310
1784.	 -9.858803 	 Millsaps 	 24.600000
1785.	 -9.897383 	 Malcolm_X 	 9.906250
1786.	 -9.926074 	 ME_Ft_Kent 	 26.160000
1787.	 -9.944643 	 So_Crescent_Tech 	 42.785714
1788.	 -9.953911 	 Cent_CC-Columbus 	 3.952381
1789.	 -9.960038 	 Bethesda 	 9.960000
1790.	 -9.968855 	 Merced_Col 	 8.846154
1791.	 -9.987356 	 Marygrove 	 21.185185
1792.	 -9.989213 	 Westminster_PA 	 13.120000
1793.	 -10.016325 	 Lorain_Co_CC 	 27.485714
1794.	 -10.031638 	 Finlandia 	 28.227273
1795.	 -10.068809 	 Barber-Scotia 	 15.260870
1796.	 -10.077940 	 Lambton 	 53.241379
1797.	 -10.091982 	 PSU-Harrisburg 	 21.913043
1798.	 -10.116574 	 Morrisville_St 	 18.400000
1799.	 -10.120801 	 Olympic 	 13.678571
1800.	 -10.144264 	 Ohio_Mid-Western 	 49.500000
1801.	 -10.148566 	 Kentucky_Chr 	 74.911765
1802.	 -10.152159 	 St_Cloud_Tech 	 50.700000
1803.	 -10.184214 	 Caltech 	 10.884615
1804.	 -10.214890 	 Montreat_And 	 25.047619
1805.	 -10.226412 	 Trinity_Western 	 67.857143
1806.	 -10.250195 	 Mt_Marty 	 22.307692
1807.	 -10.260453 	 Ecclesia 	 15.578947
1808.	 -10.275427 	 Gogebic_CC 	 47.050000
1809.	 -10.304533 	 Redeemer 	 74.928571
1810.	 -10.310366 	 Suffolk 	 47.029412
1811.	 -10.311316 	 Point 	 19.730769
1812.	 -10.313329 	 Wheaton_MA 	 33.000000
1813.	 -10.318496 	 Kingsborough 	 41.730769
1814.	 -10.337973 	 Wilberforce 	 27.560000
1815.	 -10.395652 	 Val_Forge_Mil 	 3.550000
1816.	 -10.410867 	 SUNY_Fredonia 	 57.954545
1817.	 -10.421297 	 Kellogg_CC 	 59.827586
1818.	 -10.425338 	 Lyndon_St 	 50.148148
1819.	 -10.434613 	 U_New_England 	 53.740741
1820.	 -10.471381 	 Fisk 	 9.548387
1821.	 -10.480128 	 Portland_CC 	 21.222222
1822.	 -10.507214 	 Linfield 	 47.733333
1823.	 -10.527105 	 Belmont_Abbey 	 4.928571
1824.	 -10.546099 	 Northland 	 49.840000
1825.	 -10.558322 	 Jefferson_Davis 	 12.347826
1826.	 -10.614675 	 Harper 	 16.551724
1827.	 -10.648449 	 Salve_Regina 	 66.041667
1828.	 -10.662086 	 Chesapeake 	 30.380952
1829.	 -10.662800 	 Burlington_Co 	 21.444444
1830.	 -10.695454 	 Indiana_NW 	 0.000000
1831.	 -10.714958 	 Goucher 	 9.208333
1832.	 -10.751971 	 Queensborough 	 20.142857
1833.	 -10.752496 	 Menlo 	 31.846154
1834.	 -10.763985 	 MN_West_C&T 	 18.750000
1835.	 -10.784052 	 N_England_Col 	 47.843750
1836.	 -10.794168 	 Bristol_CC 	 60.592593
1837.	 -10.811524 	 Paul_Quinn 	 49.083333
1838.	 -10.822620 	 Concordia_IL 	 22.461538
1839.	 -10.835328 	 N_Country_CC 	 40.166667
1840.	 -10.836090 	 Los_Medanos 	 30.640000
1841.	 -10.837722 	 Okanagan 	 17.250000
1842.	 -10.909219 	 Niagara_ON 	 59.344828
1843.	 -10.911297 	 Daniel_Webster 	 30.629630
1844.	 -10.916962 	 Sprfld_Tech_CC 	 55.178571
1845.	 -10.920718 	 Blue_Mountain_CC 	 16.000000
1846.	 -10.932842 	 Waubonsee_CC 	 27.066667
1847.	 -10.945391 	 Selma_AL 	 62.937500
1848.	 -10.954580 	 Prairie_St 	 19.545455
1849.	 -11.026213 	 SUNY_Potsdam 	 41.307692
1850.	 -11.032223 	 Knox 	 70.548387
1851.	 -11.114253 	 Gavilan 	 8.800000
1852.	 -11.158136 	 FDU_Madison 	 5.880000
1853.	 -11.230098 	 Onondaga_CC 	 20.576923
1854.	 -11.230659 	 MO_Baptist 	 33.826087
1855.	 -11.233934 	 KS_Wesleyan 	 20.956522
1856.	 -11.316245 	 Medicine_Hat 	 8.440000
1857.	 -11.344285 	 Riverland_CC 	 49.208333
1858.	 -11.354337 	 Southern_MD 	 80.464286
1859.	 -11.394027 	 Moravian 	 41.517241
1860.	 -11.429048 	 Olds 	 38.111111
1861.	 -11.430494 	 Georgian 	 53.826087
1862.	 -11.434581 	 Harris-Stowe 	 14.437500
1863.	 -11.463497 	 OH_Chillicothe 	 51.500000
1864.	 -11.480505 	 PSU_Wilkes-Barre 	 43.208333
1865.	 -11.490039 	 Curry 	 16.720000
1866.	 -11.579818 	 PSU-Beaver 	 14.160000
1867.	 -11.675998 	 Nipissing 	 60.296296
1868.	 -11.689130 	 Algoma 	 8.068966
1869.	 -11.796955 	 Black_Hawk-E 	 13.400000
1870.	 -11.798175 	 Wilbur_Wright 	 21.482759
1871.	 -11.820661 	 Kuyper 	 47.258065
1872.	 -11.821889 	 New_Hope_Chr 	 38.444444
1873.	 -11.831452 	 Mt_St_Mary_NY 	 54.423077
1874.	 -11.843776 	 SW_Oregon_CC 	 40.517241
1875.	 -11.851133 	 Co_Col_Morris 	 26.826087
1876.	 -11.851598 	 S_Puget_Sound_CC 	 58.827586
1877.	 -11.896995 	 Faith_Bap 	 48.520000
1878.	 -11.913067 	 Illinois_Col 	 13.521739
1879.	 -11.930294 	 ME_Machias 	 18.315789
1880.	 -11.959159 	 Vance-Granville 	 61.575758
1881.	 -11.994580 	 Davis 	 50.400000
1882.	 -12.028503 	 Cent_Carolina_CC 	 28.437500
1883.	 -12.041400 	 Cin_Clermont 	 16.500000
1884.	 -12.086147 	 Norwich 	 41.724138
1885.	 -12.110870 	 Anne_Arundel 	 29.833333
1886.	 -12.112791 	 Mt_Ida 	 32.360000
1887.	 -12.133687 	 Newbury 	 63.266667
1888.	 -12.160756 	 Mt_Aloysius 	 47.105263
1889.	 -12.184577 	 Maranatha_Bap 	 33.192308
1890.	 -12.187821 	 John_Abbott 	 9.571429
1891.	 -12.209758 	 Guilford_Tech_CC 	 22.880000
1892.	 -12.245562 	 Multnomah_Bib 	 37.480000
1893.	 -12.259465 	 Northwest_Indian 	 48.103448
1894.	 -12.260924 	 OH_St-Newark 	 21.222222
1895.	 -12.267700 	 Piedmont_Bap 	 37.370370
1896.	 -12.273398 	 PSU-Abington 	 54.000000
1897.	 -12.346976 	 Crandall 	 44.814815
1898.	 -12.353011 	 Tompkins_Cortland 	 0.000000
1899.	 -12.370694 	 Roxbury_CC 	 47.807692
1900.	 -12.424258 	 Wake_Tech 	 30.562500
1901.	 -12.436415 	 S_Alberta_Tech 	 77.454545
1902.	 -12.469379 	 ME_Presque_Isle 	 9.640000
1903.	 -12.512686 	 Seneca 	 31.523810
1904.	 -12.552863 	 Hudson_Val 	 42.480000
1905.	 -12.604202 	 Ocean_Co 	 31.166667
1906.	 -12.619483 	 Farmingdale 	 20.800000
1907.	 -12.679401 	 Huntingdon 	 8.760000
1908.	 -12.690672 	 Edison_CC 	 7.526316
1909.	 -12.695670 	 Bob_Jones 	 13.105263
1910.	 -12.700260 	 Wheelock 	 61.193548
1911.	 -12.707155 	 Yakima_Val_CC 	 52.636364
1912.	 -12.711421 	 W_Georgia_Tech 	 46.076923
1913.	 -12.717288 	 Rhema_Bib 	 21.960000
1914.	 -12.718310 	 Houghton 	 16.120000
1915.	 -12.727057 	 Sheridan_ON 	 43.708333
1916.	 -12.790588 	 J&W_CO 	 21.322581
1917.	 -12.914504 	 VA-Lynchburg 	 67.687500
1918.	 -12.932771 	 College_of_Faith 	 4.631579
1919.	 -12.964404 	 Orange_Co 	 43.031250
1920.	 -13.000508 	 ME_Farmington 	 27.208333
1921.	 -13.079366 	 Westminster_MO 	 59.111111
1922.	 -13.133200 	 Allegany_MD 	 18.964286
1923.	 -13.165009 	 Jamestown-Cat 	 53.962963
1924.	 -13.189859 	 Camosun 	 33.304348
1925.	 -13.197461 	 Carlow 	 6.173913
1926.	 -13.231717 	 NH_Tech 	 50.629630
1927.	 -13.360627 	 Bap_Bible_MO 	 46.538462
1928.	 -13.382846 	 Vaughn 	 20.280000
1929.	 -13.571489 	 Trinity_FL 	 54.833333
1930.	 -13.579281 	 NY_Maritime 	 23.482759
1931.	 -13.626581 	 Oakton_CC 	 56.409091
1932.	 -13.634581 	 Luther_MN 	 24.384615
1933.	 -13.637749 	 Siskiyous 	 21.206897
1934.	 -13.672565 	 Principia 	 39.233333
1935.	 -13.773437 	 PSU-Lehigh_Val 	 28.437500
1936.	 -13.791374 	 Medgar_Evers 	 55.444444
1937.	 -13.806133 	 Johnson_FL 	 26.678571
1938.	 -13.808643 	 Earlham 	 6.346154
1939.	 -13.815041 	 Broome_CC 	 28.772727
1940.	 -13.873678 	 Wells 	 26.454545
1941.	 -13.910915 	 PSU_Worth_Scranton 	 46.476190
1942.	 -13.925648 	 Barclay 	 28.857143
1943.	 -13.934350 	 WVU_Parkersburg 	 26.620690
1944.	 -13.956197 	 Bethany_Luth 	 13.440000
1945.	 -13.999268 	 Green_Mtn 	 28.125000
1946.	 -14.074571 	 Clark_St 	 24.000000
1947.	 -14.089310 	 Columbia_Intl 	 4.285714
1948.	 -14.104168 	 Wash_&_Jeff 	 42.357143
1949.	 -14.108327 	 El_Centro 	 0.000000
1950.	 -14.140029 	 Oxford_of_Emory 	 76.100000
1951.	 -14.148517 	 Adirondack_CC 	 31.304348
1952.	 -14.175104 	 Williamson_Tr 	 46.517241
1953.	 -14.194046 	 Bryn_Athyn 	 18.240000
1954.	 -14.202852 	 MD_Bible 	 26.250000
1955.	 -14.346829 	 Tidewater_CC 	 57.962963
1956.	 -14.385917 	 Ozark_Chr 	 14.190476
1957.	 -14.395543 	 St_Clair 	 29.387097
1958.	 -14.417949 	 PSU-Berks 	 59.851852
1959.	 -14.447719 	 Centralia_Col 	 8.296296
1960.	 -14.494204 	 Bunker_Hill_CC 	 46.392857
1961.	 -14.546827 	 Capilano 	 26.555556
1962.	 -14.553140 	 Cairn 	 7.040000
1963.	 -14.589524 	 Dominican_IL 	 5.360000
1964.	 -14.661787 	 Champion_Bap 	 0.000000
1965.	 -14.699924 	 Johnson_TN 	 9.800000
1966.	 -14.723397 	 Cumberland_Co 	 38.884615
1967.	 -14.735896 	 Massasoit_CC 	 38.906250
1968.	 -14.738541 	 PSU-Altoona 	 32.111111
1969.	 -14.799066 	 Northland_CTC 	 23.440000
1970.	 -14.850102 	 Crossroads 	 12.320000
1971.	 -14.909048 	 Centennial_Col 	 49.954545
1972.	 -14.919974 	 George_Brown 	 43.285714
1973.	 -14.987692 	 UC_Merced 	 44.939394
1974.	 -14.993432 	 Trinity_Bib 	 25.666667
1975.	 -14.996288 	 CC_Allegheny-B 	 49.642857
1976.	 -15.037155 	 Clinton_CC_(NY) 	 22.869565
1977.	 -15.060910 	 Vanier 	 39.750000
1978.	 -15.080624 	 SW_Adventist 	 12.884615
1979.	 -15.253742 	 Wright_St-Lake 	 25.548387
1980.	 -15.265267 	 Franciscan_OH 	 14.791667
1981.	 -15.272025 	 Blackburn 	 17.960000
1982.	 -15.287344 	 Manhattan_Chr 	 43.906250
1983.	 -15.297382 	 Concordia_AB 	 38.121212
1984.	 -15.335605 	 Linn-Benton_CC 	 11.538462
1985.	 -15.371085 	 Algonquin 	 42.600000
1986.	 -15.413007 	 C_Maine_Tech 	 51.666667
1987.	 -15.427234 	 CC_Allegheny-A 	 26.363636
1988.	 -15.450466 	 La_Roche 	 45.903226
1989.	 -15.464982 	 Daley 	 2.250000
1990.	 -15.543488 	 Bap_Bible_PA 	 5.600000
1991.	 -15.678176 	 Rivier 	 23.384615
1992.	 -15.680423 	 MN_St_CTC 	 36.111111
1993.	 -15.712562 	 Gateway_CC 	 33.333333
1994.	 -15.733061 	 Montgomery-R 	 45.681818
1995.	 -15.735778 	 Mt_Allison 	 23.480000
1996.	 -15.760047 	 Sainte-Foy 	 53.733333
1997.	 -15.788667 	 Loyalist 	 19.096774
1998.	 -15.792933 	 St_Lawrence_ON 	 38.800000
1999.	 -15.807239 	 Lehigh_Carbon 	 40.466667
2000.	 -15.953919 	 Oglala-Lakota 	 48.227273
2001.	 -15.955522 	 Crown_MN 	 12.629630
2002.	 -16.120402 	 Vermont_Tech 	 42.361111
2003.	 -16.189711 	 Butler_Co-PA 	 29.571429
2004.	 -16.220135 	 Clearwater_Chr 	 0.000000
2005.	 -16.346310 	 Lakeland_AB 	 47.500000
2006.	 -16.454616 	 Miami-Hamilton 	 47.571429
2007.	 -16.482885 	 Lesley 	 22.153846
2008.	 -16.494881 	 Truman_Col 	 40.750000
2009.	 -16.602243 	 Keyano 	 43.360000
2010.	 -16.613670 	 Passaic_Co 	 13.210526
2011.	 -16.765695 	 Ridgewater 	 44.968750
2012.	 -16.862036 	 PSU-Hazleton 	 7.720000
2013.	 -16.878133 	 Dawson 	 33.578947
2014.	 -16.927047 	 Pitt-Titusville 	 36.296296
2015.	 -16.948624 	 Jefferson_CC 	 41.142857
2016.	 -17.036023 	 UConn-AP 	 49.515152
2017.	 -17.059351 	 Boyce 	 5.333333
2018.	 -17.197028 	 SUNY-ESF 	 49.535714
2019.	 -17.232204 	 Lincoln_Chr 	 19.100000
2020.	 -17.367281 	 R_Morris-Peoria 	 41.687500
2021.	 -17.401009 	 Cayuga_CC 	 12.208333
2022.	 -17.493994 	 Great_Lakes_Chr 	 0.000000
2023.	 -17.507018 	 McHenry_Co 	 38.500000
2024.	 -17.532700 	 Herkimer_Co 	 0.000000
2025.	 -17.542582 	 Alfred_St 	 13.080000
2026.	 -17.543177 	 Albany_Pharmacy 	 9.000000
2027.	 -17.604425 	 PSU-DuBois 	 0.000000
2028.	 -17.626489 	 Moody_Bib 	 20.437500
2029.	 -17.637150 	 Montgomery_Co_CC 	 58.333333
2030.	 -17.659081 	 PSU-New_Kens 	 23.954545
2031.	 -17.671915 	 St_Thomas_NB 	 65.931034
2032.	 -17.672018 	 Ed_Montpetit 	 26.526316
2033.	 -17.718863 	 Johnson_St 	 13.545455
2034.	 -17.838351 	 Northampton_CC 	 32.000000
2035.	 -17.876610 	 Delaware_Co_CC 	 30.566667
2036.	 -17.887666 	 Western_Tech 	 14.142857
2037.	 -17.942578 	 ME_Maritime 	 48.913043
2038.	 -18.048558 	 Montmorency 	 9.541667
2039.	 -18.061828 	 MS_Vincent_NS 	 13.000000
2040.	 -18.174438 	 Stevens_Tech_PA 	 37.120000
2041.	 -18.189502 	 Turtle_Mtn_CC 	 46.500000
2042.	 -18.224245 	 Mass_Bay_CC 	 43.720000
2043.	 -18.237945 	 AFLBC 	 46.714286
2044.	 -18.243010 	 St_Louis_Pharm 	 0.000000
2045.	 -18.634549 	 Mid-Atlantic_Chr 	 58.382353
2046.	 -18.791571 	 Northland_Intl 	 28.454545
2047.	 -18.799217 	 PSU-Gtr_Allegheny 	 76.000000
2048.	 -18.835164 	 Dutchess_CC 	 5.423077
2049.	 -18.911455 	 Virginia_Western_CC 	 29.259259
2050.	 -18.961046 	 IL_Tech 	 4.800000
2051.	 -19.087109 	 Wilson 	 35.960000
2052.	 -19.150025 	 Fond_du_Lac_T&CC 	 15.400000
2053.	 -19.233019 	 N_Essex_CC 	 45.153846
2054.	 -19.317500 	 Emmaus_Bib 	 29.764706
2055.	 -19.501071 	 Welch 	 48.153846
2056.	 -19.529220 	 Concordia_MO 	 0.000000
2057.	 -19.555150 	 Grande_Prairie 	 37.125000
2058.	 -19.753677 	 OH_St-Mansfield 	 7.583333
2059.	 -19.767404 	 Penn_Tech 	 36.794118
2060.	 -19.809009 	 Columbia_Bib 	 8.363636
2061.	 -19.900840 	 PSU-Brandywine 	 24.708333
2062.	 -20.204055 	 Sault 	 41.161290
2063.	 -20.350684 	 Southern_St_CC 	 59.944444
2064.	 -20.432537 	 Itasca_CC 	 40.444444
2065.	 -20.537828 	 Sarah_Lawrence 	 37.892857
2066.	 -20.547176 	 PSU-Schuylkill 	 17.187500
2067.	 -20.568237 	 Fox_Valley_Tech 	 0.000000
2068.	 -20.588417 	 Kwantlen 	 23.400000
2069.	 -20.743602 	 PA_Highlands_CC 	 28.520000
2070.	 -20.773522 	 Red_River_Col 	 61.466667
2071.	 -20.833509 	 Johnson_CC 	 61.933333
2072.	 -20.843515 	 Akron-Wayne 	 0.000000
2073.	 -20.979305 	 ME_Augusta 	 42.030303
2074.	 -21.060228 	 Augustana_AB 	 17.517241
2075.	 -21.172455 	 Schenectady_Co 	 51.529412
2076.	 -21.176737 	 Hibbing_CC 	 6.565217
2077.	 -21.254861 	 Sussex_Co_CC 	 61.500000
2078.	 -21.513637 	 C_Chr_Bible 	 8.640000
2079.	 -21.720730 	 OH_Zanesville 	 31.444444
2080.	 -21.748219 	 Canadore 	 26.227273
2081.	 -22.017184 	 Westmoreland_Co 	 51.806452
2082.	 -22.023051 	 Atlantic_Cape_CC 	 6.818182
2083.	 -22.027363 	 Ulster_Co 	 45.696970
2084.	 -22.051354 	 E_Maine_Tech 	 23.352941
2085.	 -22.210742 	 King's_NS 	 12.413793
2086.	 -22.362199 	 Culinary_Inst 	 29.000000
2087.	 -22.738238 	 King's_AB 	 66.612903
2088.	 -23.224720 	 Crown_TN 	 7.500000
2089.	 -23.771854 	 King's_NY 	 25.611111
2090.	 -23.821673 	 St_Mary's_AB 	 60.060606
2091.	 -23.909591 	 Union_NE 	 76.342857
2092.	 -23.953942 	 OH_St-Lima 	 50.833333
2093.	 -24.256075 	 Briercrest 	 3.185185
2094.	 -24.356047 	 Providence_MB 	 49.303030
2095.	 -24.956056 	 Georgia_NW_Tech 	 0.000000
2096.	 -25.007845 	 Harrisburg_Area_CC 	 16.181818
2097.	 -25.013346 	 La_Cite 	 58.733333
2098.	 -25.261855 	 Cambrian 	 0.000000
2099.	 -25.422612 	 Quinsigamond 	 37.066667
2100.	 -25.661328 	 Christendom 	 9.750000
2101.	 -26.004579 	 Luzerne_Co_CC 	 16.320000
2102.	 -26.465273 	 Pratt_Inst 	 49.281250
2103.	 -26.630579 	 Bucks_Co_CC 	 9.550000
2104.	 -27.410909 	 NB-St_John 	 32.520000
2105.	 -27.685318 	 Unity 	 34.454545
2106.	 -28.018891 	 Fleming 	 4.476190
2107.	 -28.926037 	 Holyoke_CC 	 0.000000
2108.	 -29.149964 	 Calvary_Bib 	 12.214286
2109.	 -29.199839 	 Winnipeg_Col 	 51.687500
2110.	 -30.131785 	 N_Maine_Tech 	 35.333333
2111.	 -30.720760 	 Hampshire 	 0.000000
2112.	 -31.552777 	 St_Louis_Chr 	 23.187500
2113.	 -34.967116 	 Canadian_Menn 	 11.214286
2114.	 -35.090801 	 Appalachian_Bib 	 0.000000
2115.	 -38.087230 	 Webb_Inst 	 47.370370
